1.1000000 0.0001400 278180.4378156
1.1050000 0.0001400 255411.7482892
1.1100000 0.0001400 247022.5242839
1.1150000 0.0001400 222717.8112634
1.1200000 0.0001400 217117.3241264
1.1250000 0.0001400 230214.4937962
1.1300000 0.0001400 205532.2248353
1.1350000 0.0001400 198061.8121626
1.1400000 0.0001400 188794.9293261
1.1450000 0.0001400 179565.9865454
1.1500000 0.0001400 173923.0297351
1.1550000 0.0001400 161116.9455898
1.1600000 0.0001400 151957.2617523
1.1650000 0.0001400 142422.7615706
1.1700000 0.0001400 132062.0916315
1.1750000 0.0001400 118198.3914201
1.1800000 0.0001400 107387.8840150
1.1850000 0.0001400 95336.9693588
1.1900000 0.0001400 82638.2645401
1.1950000 0.0001400 69253.1103926
1.2000000 0.0001400 56002.1928320
1.2050000 0.0001400 41451.6498965
1.2100000 0.0001400 26365.6977452
1.2150000 0.0001400 10925.0214682
1.2200000 0.0001400 5380.9211100
1.2250000 0.0001400 22272.5307248
1.2300000 0.0001400 39869.0831246
1.2350000 0.0001400 58715.9654462
1.2400000 0.0001400 78389.7948412
1.2450000 0.0001400 97981.9944524
1.2500000 0.0001400 118533.3029658
1.2550000 0.0001400 140958.6464427
1.2600000 0.0001400 163199.4817407
1.2650000 0.0001400 187847.0982985
1.2700000 0.0001400 215288.2543642
1.2750000 0.0001400 241608.1552767
1.2800000 0.0001400 271299.6160675
1.2850000 0.0001400 296032.2177272
1.2900000 0.0001400 332054.7063876
1.2950000 0.0001400 367556.7772789
1.3000000 0.0001400 399977.2974174
1.3050000 0.0001400 437524.5735721
1.3100000 0.0001400 482102.1861039
1.3150000 0.0001400 509869.8362276
1.3200000 0.0001400 567883.9527313
1.3250000 0.0001400 605310.4015764
1.3300000 0.0001400 659483.8237488
1.3350000 0.0001400 709241.3476231
1.3400000 0.0001400 746354.4726688
1.3450000 0.0001400 814748.5358434
1.3500000 0.0001400 871463.9451266
1.3550000 0.0001400 952392.6555093
1.3600000 0.0001400 1018872.1804666
1.3650000 0.0001400 1079445.8039547
1.3700000 0.0001400 1156580.0581185
1.3750000 0.0001400 1264487.4586276
1.3800000 0.0001400 1357403.1221158
1.3850000 0.0001400 1433415.5742098
1.3900000 0.0001400 1568735.6367465
1.3950000 0.0001400 1669394.8894186
1.4000000 0.0001400 1796645.1806388
1.4050000 0.0001400 1897187.1195481
1.1000000 0.0001405 257559.1905343
1.1050000 0.0001405 249625.5435505
1.1100000 0.0001405 248656.9197664
1.1150000 0.0001405 240228.7201067
1.1200000 0.0001405 216687.8268294
1.1250000 0.0001405 217212.5208325
1.1300000 0.0001405 208352.7418611
1.1350000 0.0001405 193705.3457812
1.1400000 0.0001405 185222.0984228
1.1450000 0.0001405 176777.9833461
1.1500000 0.0001405 166881.0707056
1.1550000 0.0001405 157755.9155351
1.1600000 0.0001405 143039.6334529
1.1650000 0.0001405 138947.1426777
1.1700000 0.0001405 127399.6898359
1.1750000 0.0001405 112277.9382640
1.1800000 0.0001405 100048.3693148
1.1850000 0.0001405 88233.3234996
1.1900000 0.0001405 75545.0164088
1.1950000 0.0001405 61620.9018016
1.2000000 0.0001405 47605.1218431
1.2050000 0.0001405 33143.0502952
1.2100000 0.0001405 17623.1346425
1.2150000 0.0001405 1613.2488442
1.2200000 0.0001405 15079.0527241
1.2250000 0.0001405 32651.5369455
1.2300000 0.0001405 50761.6303885
1.2350000 0.0001405 69477.2608241
1.2400000 0.0001405 89891.7158469
1.2450000 0.0001405 111284.6464433
1.2500000 0.0001405 132459.8283005
1.2550000 0.0001405 150216.6867948
1.2600000 0.0001405 175132.1426438
1.2650000 0.0001405 203706.3721403
1.2700000 0.0001405 229749.1050314
1.2750000 0.0001405 262728.7627734
1.2800000 0.0001405 286218.5327077
1.2850000 0.0001405 319044.6109173
1.2900000 0.0001405 356508.1519340
1.2950000 0.0001405 384700.9205966
1.3000000 0.0001405 426878.3313369
1.3050000 0.0001405 454676.5098707
1.3100000 0.0001405 503081.1916981
1.3150000 0.0001405 545011.6820495
1.3200000 0.0001405 587726.1271053
1.3250000 0.0001405 645231.1895750
1.3300000 0.0001405 683458.4657088
1.3350000 0.0001405 748677.8575698
1.3400000 0.0001405 789800.2431623
1.3450000 0.0001405 861088.6207326
1.3500000 0.0001405 914410.1102125
1.3550000 0.0001405 1002702.4474967
1.3600000 0.0001405 1060187.1659201
1.3650000 0.0001405 1142870.5474228
1.3700000 0.0001405 1219366.9405079
1.3750000 0.0001405 1315670.7494916
1.3800000 0.0001405 1397740.0419076
1.3850000 0.0001405 1537172.2682827
1.3900000 0.0001405 1616494.8385240
1.3950000 0.0001405 1776108.3067426
1.4000000 0.0001405 1873494.7222270
1.4050000 0.0001405 2040431.8817975
1.1000000 0.0001410 251238.5099956
1.1050000 0.0001410 241153.7332075
1.1100000 0.0001410 218823.7895224
1.1150000 0.0001410 214526.9816306
1.1200000 0.0001410 215102.2269292
1.1250000 0.0001410 204188.1605640
1.1300000 0.0001410 195060.4764817
1.1350000 0.0001410 187843.6821716
1.1400000 0.0001410 181181.1106794
1.1450000 0.0001410 170649.7577139
1.1500000 0.0001410 163241.9018595
1.1550000 0.0001410 151056.5131674
1.1600000 0.0001410 141373.3037275
1.1650000 0.0001410 129717.7976606
1.1700000 0.0001410 121641.5105877
1.1750000 0.0001410 106142.5248673
1.1800000 0.0001410 93625.8500664
1.1850000 0.0001410 80643.0555828
1.1900000 0.0001410 67882.0892893
1.1950000 0.0001410 54163.4308869
1.2000000 0.0001410 39351.4942679
1.2050000 0.0001410 24283.6906737
1.2100000 0.0001410 8599.5697916
1.2150000 0.0001410 7889.6795121
1.2200000 0.0001410 24936.4871110
1.2250000 0.0001410 42843.9113851
1.2300000 0.0001410 61989.0084903
1.2350000 0.0001410 81693.9116066
1.2400000 0.0001410 101528.4931847
1.2450000 0.0001410 123345.9678016
1.2500000 0.0001410 146697.3623108
1.2550000 0.0001410 169267.8650012
1.2600000 0.0001410 193877.6226282
1.2650000 0.0001410 220904.8347348
1.2700000 0.0001410 246076.5220788
1.2750000 0.0001410 274891.2592323
1.2800000 0.0001410 310299.0487472
1.2850000 0.0001410 339153.6891600
1.2900000 0.0001410 375250.8265873
1.2950000 0.0001410 409294.3033246
1.3000000 0.0001410 444213.6979409
1.3050000 0.0001410 492231.1487220
1.3100000 0.0001410 521539.5695219
1.3150000 0.0001410 576161.3376859
1.3200000 0.0001410 615658.2824581
1.3250000 0.0001410 668037.1936475
1.3300000 0.0001410 717050.9572158
1.3350000 0.0001410 764792.8498808
1.3400000 0.0001410 847514.2141584
1.3450000 0.0001410 898412.5415058
1.3500000 0.0001410 976497.4959342
1.3550000 0.0001410 1034938.3176494
1.3600000 0.0001410 1128404.4405039
1.3650000 0.0001410 1194089.7103299
1.3700000 0.0001410 1299246.9841818
1.3750000 0.0001410 1379460.8324860
1.3800000 0.0001410 1497813.6228341
1.3850000 0.0001410 1597773.5288961
1.3900000 0.0001410 1725010.9602778
1.3950000 0.0001410 1854994.6677914
1.4000000 0.0001410 1955332.7902482
1.4050000 0.0001410 2135626.9399039
1.1000000 0.0001415 247035.3166807
1.1050000 0.0001415 242701.5636960
1.1100000 0.0001415 232574.3294599
1.1150000 0.0001415 217482.6726538
1.1200000 0.0001415 216820.6190068
1.1250000 0.0001415 201238.1900174
1.1300000 0.0001415 193122.9310443
1.1350000 0.0001415 184194.1477060
1.1400000 0.0001415 173791.1158821
1.1450000 0.0001415 166744.7576535
1.1500000 0.0001415 156527.5664957
1.1550000 0.0001415 146588.1330430
1.1600000 0.0001415 137333.4274734
1.1650000 0.0001415 122613.1753563
1.1700000 0.0001415 110516.5922927
1.1750000 0.0001415 99309.0544865
1.1800000 0.0001415 87108.6404765
1.1850000 0.0001415 73789.2176240
1.1900000 0.0001415 59871.4694997
1.1950000 0.0001415 45967.1949832
1.2000000 0.0001415 31144.2912996
1.2050000 0.0001415 15426.9636777
1.2100000 0.0001415 708.0293209
1.2150000 0.0001415 17635.8464515
1.2200000 0.0001415 35359.7278687
1.2250000 0.0001415 53575.4256319
1.2300000 0.0001415 72660.0467220
1.2350000 0.0001415 93514.9060770
1.2400000 0.0001415 115135.7358273
1.2450000 0.0001415 135950.5828848
1.2500000 0.0001415 158850.7080506
1.2550000 0.0001415 185702.8487493
1.2600000 0.0001415 207676.3304246
1.2650000 0.0001415 235621.5452642
1.2700000 0.0001415 268516.2652465
1.2750000 0.0001415 294211.1754549
1.2800000 0.0001415 327031.5092757
1.2850000 0.0001415 362241.2407962
1.2900000 0.0001415 390134.7039608
1.2950000 0.0001415 437265.2595817
1.3000000 0.0001415 470288.3801505
1.3050000 0.0001415 511711.2533233
1.3100000 0.0001415 559307.4826162
1.3150000 0.0001415 600736.1227526
1.3200000 0.0001415 648196.1650045
1.3250000 0.0001415 686799.3887025
1.3300000 0.0001415 755975.4233767
1.3350000 0.0001415 806694.4720389
1.3400000 0.0001415 884839.1863153
1.3450000 0.0001415 938846.3512668
1.3500000 0.0001415 1020904.4301497
1.3550000 0.0001415 1061360.8710085
1.3600000 0.0001415 1177426.0703257
1.3650000 0.0001415 1236440.2848781
1.3700000 0.0001415 1352239.9939262
1.3750000 0.0001415 1420456.5606312
1.3800000 0.0001415 1575176.2397178
1.3850000 0.0001415 1651687.8694684
1.3900000 0.0001415 1798196.8653880
1.3950000 0.0001415 1917202.2233147
1.4000000 0.0001415 2088264.8458410
1.4050000 0.0001415 2239655.5637750
1.1000000 0.0001420 266822.9757638
1.1050000 0.0001420 239214.9358384
1.1100000 0.0001420 225207.8576255
1.1150000 0.0001420 224043.8431914
1.1200000 0.0001420 204366.4803028
1.1250000 0.0001420 195640.2539929
1.1300000 0.0001420 188410.2423147
1.1350000 0.0001420 179314.2779548
1.1400000 0.0001420 170861.4199181
1.1450000 0.0001420 161967.3134727
1.1500000 0.0001420 152548.2871687
1.1550000 0.0001420 140037.1509585
1.1600000 0.0001420 130965.9584290
1.1650000 0.0001420 120320.0983807
1.1700000 0.0001420 104645.6207557
1.1750000 0.0001420 92093.1413832
1.1800000 0.0001420 79466.3643235
1.1850000 0.0001420 66561.6365127
1.1900000 0.0001420 52308.0745345
1.1950000 0.0001420 37480.1318111
1.2000000 0.0001420 22396.6127108
1.2050000 0.0001420 6439.4112393
1.2100000 0.0001420 10192.3454639
1.2150000 0.0001420 27428.7623656
1.2200000 0.0001420 45666.6117929
1.2250000 0.0001420 65022.2732891
1.2300000 0.0001420 84709.1789971
1.2350000 0.0001420 104901.4754913
1.2400000 0.0001420 126853.1112783
1.2450000 0.0001420 151184.6654942
1.2500000 0.0001420 172664.6198203
1.2550000 0.0001420 198538.6037798
1.2600000 0.0001420 225812.9826102
1.2650000 0.0001420 251322.5900155
1.2700000 0.0001420 282249.5642500
1.2750000 0.0001420 317351.1442777
1.2800000 0.0001420 341758.3940740
1.2850000 0.0001420 382893.2188065
1.2900000 0.0001420 417217.2534731
1.2950000 0.0001420 450212.8096147
1.3000000 0.0001420 498435.4587849
1.3050000 0.0001420 536954.0051108
1.3100000 0.0001420 586907.4463958
1.3150000 0.0001420 624373.8441026
1.3200000 0.0001420 674369.8854328
1.3250000 0.0001420 738466.6727169
1.3300000 0.0001420 788216.3960332
1.3350000 0.0001420 864835.7110242
1.3400000 0.0001420 913970.4651749
1.3450000 0.0001420 1001546.6990288
1.3500000 0.0001420 1038942.5837879
1.3550000 0.0001420 1141416.2557230
1.3600000 0.0001420 1207667.8189338
1.3650000 0.0001420 1324875.8173679
1.3700000 0.0001420 1401331.8102722
1.3750000 0.0001420 1537677.1856549
1.3800000 0.0001420 1622477.4466385
1.3850000 0.0001420 1755761.3141190
1.3900000 0.0001420 1890440.7601738
1.3950000 0.0001420 2032834.5743266
1.4000000 0.0001420 2212732.2041712
1.4050000 0.0001420 2314258.4526638
1.1000000 0.0001425 254307.1417303
1.1050000 0.0001425 228558.9584689
1.1100000 0.0001425 214726.9940057
1.1150000 0.0001425 210588.6180527
1.1200000 0.0001425 199908.3447965
1.1250000 0.0001425 192301.8382027
1.1300000 0.0001425 183004.1012252
1.1350000 0.0001425 178676.0227384
1.1400000 0.0001425 171066.0212949
1.1450000 0.0001425 156375.8880673
1.1500000 0.0001425 145538.5277262
1.1550000 0.0001425 135111.3216665
1.1600000 0.0001425 122818.9205251
1.1650000 0.0001425 109882.1417424
1.1700000 0.0001425 98369.0623445
1.1750000 0.0001425 85841.3410009
1.1800000 0.0001425 72111.2482392
1.1850000 0.0001425 58445.0543013
1.1900000 0.0001425 44408.4850431
1.1950000 0.0001425 29228.0396633
1.2000000 0.0001425 13445.8575812
1.2050000 0.0001425 2852.0305628
1.2100000 0.0001425 19992.5111299
1.2150000 0.0001425 37812.4598195
1.2200000 0.0001425 56176.2334454
1.2250000 0.0001425 75702.5542809
1.2300000 0.0001425 96927.1560786
1.2350000 0.0001425 117902.5732063
1.2400000 0.0001425 137918.3656892
1.2450000 0.0001425 163503.1272467
1.2500000 0.0001425 189476.4861716
1.2550000 0.0001425 212416.1489691
1.2600000 0.0001425 242269.7032747
1.2650000 0.0001425 273605.5448873
1.2700000 0.0001425 295416.2627340
1.2750000 0.0001425 335536.8907144
1.2800000 0.0001425 366695.0560953
1.2850000 0.0001425 398157.9327444
1.2900000 0.0001425 441116.3585014
1.2950000 0.0001425 479289.4963494
1.3000000 0.0001425 520978.0518473
1.3050000 0.0001425 566792.5496566
1.3100000 0.0001425 609709.0621417
1.3150000 0.0001425 670472.4965523
1.3200000 0.0001425 694596.4296638
1.3250000 0.0001425 753179.6111999
1.3300000 0.0001425 817808.3462548
1.3350000 0.0001425 900561.4860270
1.3400000 0.0001425 962374.6328739
1.3450000 0.0001425 1036480.8673779
1.3500000 0.0001425 1105673.6042400
1.3550000 0.0001425 1197450.0104538
1.3600000 0.0001425 1272219.2268973
1.3650000 0.0001425 1381063.3956763
1.3700000 0.0001425 1474669.5823900
1.3750000 0.0001425 1595448.9851955
1.3800000 0.0001425 1687538.8483972
1.3850000 0.0001425 1862197.5269754
1.3900000 0.0001425 1952075.9013041
1.3950000 0.0001425 2133107.0727854
1.4000000 0.0001425 2285768.4810028
1.4050000 0.0001425 2474051.5520911
1.1000000 0.0001430 235888.0490117
1.1050000 0.0001430 230664.1682779
1.1100000 0.0001430 210750.0783844
1.1150000 0.0001430 213027.3184755
1.1200000 0.0001430 196580.8479002
1.1250000 0.0001430 188540.9969987
1.1300000 0.0001430 179200.2011776
1.1350000 0.0001430 170009.5697709
1.1400000 0.0001430 161445.5251880
1.1450000 0.0001430 150616.8434041
1.1500000 0.0001430 139724.4897648
1.1550000 0.0001430 128618.4821151
1.1600000 0.0001430 117073.7229847
1.1650000 0.0001430 103205.6769211
1.1700000 0.0001430 91005.0085864
1.1750000 0.0001430 78590.8694554
1.1800000 0.0001430 65104.1164677
1.1850000 0.0001430 50566.8846497
1.1900000 0.0001430 35874.2181388
1.1950000 0.0001430 20647.0786959
1.2000000 0.0001430 4456.7181301
1.2050000 0.0001430 12296.3415346
1.2100000 0.0001430 29769.7571965
1.2150000 0.0001430 48318.0660676
1.2200000 0.0001430 67773.4815883
1.2250000 0.0001430 87444.2672738
1.2300000 0.0001430 108146.0675897
1.2350000 0.0001430 130088.0759115
1.2400000 0.0001430 154013.5025551
1.2450000 0.0001430 175203.1808488
1.2500000 0.0001430 202898.2110528
1.2550000 0.0001430 231896.0518238
1.2600000 0.0001430 257367.1493689
1.2650000 0.0001430 287548.9451957
1.2700000 0.0001430 323263.7356644
1.2750000 0.0001430 349043.6355523
1.2800000 0.0001430 389909.3247818
1.2850000 0.0001430 425860.1507592
1.2900000 0.0001430 459714.2756985
1.2950000 0.0001430 505493.2945649
1.3000000 0.0001430 545067.7352753
1.3050000 0.0001430 598551.7813302
1.3100000 0.0001430 642773.7353614
1.3150000 0.0001430 692178.8046957
1.3200000 0.0001430 752309.5181946
1.3250000 0.0001430 802320.8597342
1.3300000 0.0001430 880090.0690486
1.3350000 0.0001430 926783.6838978
1.3400000 0.0001430 1020152.8656321
1.3450000 0.0001430 1067795.6338947
1.3500000 0.0001430 1178865.3549804
1.3550000 0.0001430 1233600.6240621
1.3600000 0.0001430 1359935.5750750
1.3650000 0.0001430 1420005.7148207
1.3700000 0.0001430 1567201.1180283
1.3750000 0.0001430 1637101.5816479
1.3800000 0.0001430 1768900.4172477
1.3850000 0.0001430 1916169.5427093
1.3900000 0.0001430 2081109.4001396
1.3950000 0.0001430 2253513.5102904
1.4000000 0.0001430 2338396.7859168
1.4050000 0.0001430 2643761.8797158
1.1000000 0.0001435 235189.8756274
1.1050000 0.0001435 216934.4632903
1.1100000 0.0001435 205947.7187744
1.1150000 0.0001435 199142.4043827
1.1200000 0.0001435 190113.3538275
1.1250000 0.0001435 183305.8541459
1.1300000 0.0001435 176306.4534659
1.1350000 0.0001435 167474.5686524
1.1400000 0.0001435 157768.0999136
1.1450000 0.0001435 146788.0895778
1.1500000 0.0001435 146085.7414793
1.1550000 0.0001435 121082.2648728
1.1600000 0.0001435 109512.7641966
1.1650000 0.0001435 97191.5633219
1.1700000 0.0001435 84473.2826411
1.1750000 0.0001435 70767.8715734
1.1800000 0.0001435 57288.6254800
1.1850000 0.0001435 42855.5276736
1.1900000 0.0001435 27462.4301973
1.1950000 0.0001435 11679.8129256
1.2000000 0.0001435 4818.7153675
1.2050000 0.0001435 22120.3345603
1.2100000 0.0001435 40009.8606880
1.2150000 0.0001435 58609.6959752
1.2200000 0.0001435 78608.9674350
1.2250000 0.0001435 100070.9153170
1.2300000 0.0001435 121585.0408509
1.2350000 0.0001435 136327.3166153
1.2400000 0.0001435 167432.1406631
1.2450000 0.0001435 193615.4830573
1.2500000 0.0001435 216674.5041366
1.2550000 0.0001435 246248.2365130
1.2600000 0.0001435 277366.0196200
1.2650000 0.0001435 303781.1798055
1.2700000 0.0001435 342202.6971730
1.2750000 0.0001435 373592.9556062
1.2800000 0.0001435 403459.3608039
1.2850000 0.0001435 448832.4946279
1.2900000 0.0001435 486432.8272651
1.2950000 0.0001435 531859.6913540
1.3000000 0.0001435 568529.8510045
1.3050000 0.0001435 620627.1512658
1.3100000 0.0001435 680297.1846334
1.3150000 0.0001435 721787.6168259
1.3200000 0.0001435 781160.0317907
1.3250000 0.0001435 844343.5551432
1.3300000 0.0001435 908948.2510830
1.3350000 0.0001435 982343.7563529
1.3400000 0.0001435 1054630.2001867
1.3450000 0.0001435 1126997.2463013
1.3500000 0.0001435 1216270.9175110
1.3550000 0.0001435 1320229.4382504
1.3600000 0.0001435 1405679.1174523
1.3650000 0.0001435 1499046.0982735
1.3700000 0.0001435 1622305.5181601
1.3750000 0.0001435 1726527.1405863
1.3800000 0.0001435 1893745.9535946
1.3850000 0.0001435 2005082.5358906
1.3900000 0.0001435 2218110.4709074
1.3950000 0.0001435 2321647.1942871
1.4000000 0.0001435 2593814.4313225
1.4050000 0.0001435 2741365.6691547
1.1000000 0.0001440 224721.0948480
1.1050000 0.0001440 213816.2269779
1.1100000 0.0001440 209601.6726838
1.1150000 0.0001440 195839.4376015
1.1200000 0.0001440 187420.5819816
1.1250000 0.0001440 179234.5296469
1.1300000 0.0001440 168408.6337433
1.1350000 0.0001440 157724.0882152
1.1400000 0.0001440 151638.2243375
1.1450000 0.0001440 143577.4734501
1.1500000 0.0001440 130247.9566075
1.1550000 0.0001440 114334.7212557
1.1600000 0.0001440 102297.5123409
1.1650000 0.0001440 90387.2317520
1.1700000 0.0001440 77617.1764853
1.1750000 0.0001440 63592.4690004
1.1800000 0.0001440 49135.8758454
1.1850000 0.0001440 34509.7197203
1.1900000 0.0001440 19002.8559851
1.1950000 0.0001440 2666.2305567
1.2000000 0.0001440 14221.5738666
1.2050000 0.0001440 31964.4908740
1.2100000 0.0001440 50752.3096423
1.2150000 0.0001440 70200.6135039
1.2200000 0.0001440 89943.4250736
1.2250000 0.0001440 111188.0803612
1.2300000 0.0001440 132627.3742563
1.2350000 0.0001440 156093.5892443
1.2400000 0.0001440 178260.7620007
1.2450000 0.0001440 207325.0420048
1.2500000 0.0001440 235412.5307700
1.2550000 0.0001440 263291.9861680
1.2600000 0.0001440 295011.2165645
1.2650000 0.0001440 326259.7262847
1.2700000 0.0001440 357390.2894496
1.2750000 0.0001440 396489.3548225
1.2800000 0.0001440 430268.2877663
1.2850000 0.0001440 468749.6499817
1.2900000 0.0001440 514300.6633429
1.2950000 0.0001440 554469.7895939
1.3000000 0.0001440 609071.7167540
1.3050000 0.0001440 653686.4870779
1.3100000 0.0001440 700065.4839575
1.3150000 0.0001440 759531.4618368
1.3200000 0.0001440 806283.0712066
1.3250000 0.0001440 881107.7181792
1.3300000 0.0001440 939878.7906849
1.3350000 0.0001440 1038791.2485890
1.3400000 0.0001440 1084521.5003618
1.3450000 0.0001440 1198241.5454257
1.3500000 0.0001440 1261911.9526217
1.3550000 0.0001440 1386607.8952595
1.3600000 0.0001440 1450609.5469866
1.3650000 0.0001440 1587151.5211970
1.3700000 0.0001440 1682146.9618653
1.3750000 0.0001440 1828399.6592162
1.3800000 0.0001440 1953014.7452303
1.3850000 0.0001440 2119125.1486670
1.3900000 0.0001440 2285884.6700212
1.3950000 0.0001440 2417739.3749895
1.4000000 0.0001440 2713927.5262173
1.4050000 0.0001440 2856833.2856436
1.1000000 0.0001445 219888.7981008
1.1050000 0.0001445 210609.4004964
1.1100000 0.0001445 200142.4851961
1.1150000 0.0001445 191951.6056335
1.1200000 0.0001445 183966.7712272
1.1250000 0.0001445 174552.2347904
1.1300000 0.0001445 165524.3511259
1.1350000 0.0001445 158307.5804895
1.1400000 0.0001445 142954.6679591
1.1450000 0.0001445 138572.6750405
1.1500000 0.0001445 120448.9947311
1.1550000 0.0001445 108774.0637021
1.1600000 0.0001445 95946.0525405
1.1650000 0.0001445 83211.5519247
1.1700000 0.0001445 69909.3074641
1.1750000 0.0001445 56223.1303149
1.1800000 0.0001445 41359.2597986
1.1850000 0.0001445 25940.0782091
1.1900000 0.0001445 10109.2333998
1.1950000 0.0001445 6595.1764107
1.2000000 0.0001445 23999.2604308
1.2050000 0.0001445 41986.7023570
1.2100000 0.0001445 60924.3088438
1.2150000 0.0001445 81356.9164197
1.2200000 0.0001445 102859.5401277
1.2250000 0.0001445 124194.9551072
1.2300000 0.0001445 145464.6203142
1.2350000 0.0001445 168370.6821835
1.2400000 0.0001445 197624.6439999
1.2450000 0.0001445 221441.0162257
1.2500000 0.0001445 250842.3707095
1.2550000 0.0001445 282954.8373291
1.2600000 0.0001445 306787.8644458
1.2650000 0.0001445 345005.2422887
1.2700000 0.0001445 381310.5006752
1.2750000 0.0001445 413930.7113243
1.2800000 0.0001445 457355.9443894
1.2850000 0.0001445 490148.1834200
1.2900000 0.0001445 541011.8944996
1.2950000 0.0001445 586513.8945003
1.3000000 0.0001445 629382.9501439
1.3050000 0.0001445 691258.3960229
1.3100000 0.0001445 726558.7384422
1.3150000 0.0001445 802894.7827724
1.3200000 0.0001445 856102.9560978
1.3250000 0.0001445 924752.2374652
1.3300000 0.0001445 982116.1014176
1.3350000 0.0001445 1064539.3430930
1.3400000 0.0001445 1132975.9573976
1.3450000 0.0001445 1227871.4737358
1.3500000 0.0001445 1328672.3079814
1.3550000 0.0001445 1423641.5646801
1.3600000 0.0001445 1553475.0130498
1.3650000 0.0001445 1644619.6039711
1.3700000 0.0001445 1731792.3736907
1.3750000 0.0001445 1924948.4264266
1.3800000 0.0001445 2038961.1045403
1.3850000 0.0001445 2251815.5310223
1.3900000 0.0001445 2365323.7138415
1.3950000 0.0001445 2653521.0734494
1.4000000 0.0001445 2780615.3618364
1.4050000 0.0001445 3038194.3908861
1.1000000 0.0001450 217591.1302660
1.1050000 0.0001450 204316.3319171
1.1100000 0.0001450 194913.0958206
1.1150000 0.0001450 187098.1062862
1.1200000 0.0001450 178021.5679043
1.1250000 0.0001450 173431.4873213
1.1300000 0.0001450 170336.2713637
1.1350000 0.0001450 151988.4838753
1.1400000 0.0001450 144072.1049190
1.1450000 0.0001450 125759.9664640
1.1500000 0.0001450 113503.1042597
1.1550000 0.0001450 102038.1391803
1.1600000 0.0001450 89850.0464603
1.1650000 0.0001450 76418.4438872
1.1700000 0.0001450 62305.0736625
1.1750000 0.0001450 48111.2744017
1.1800000 0.0001450 33292.7719235
1.1850000 0.0001450 17481.6673149
1.1900000 0.0001450 1075.2537269
1.1950000 0.0001450 15987.1818556
1.2000000 0.0001450 33986.8076647
1.2050000 0.0001450 52903.1800107
1.2100000 0.0001450 72290.6423900
1.2150000 0.0001450 92293.7361458
1.2200000 0.0001450 113926.9598392
1.2250000 0.0001450 135897.6409309
1.2300000 0.0001450 160740.8084908
1.2350000 0.0001450 184768.9664406
1.2400000 0.0001450 209169.0177067
1.2450000 0.0001450 239794.4108663
1.2500000 0.0001450 267836.8816318
1.2550000 0.0001450 299671.8081300
1.2600000 0.0001450 333986.9204484
1.2650000 0.0001450 354345.6361962
1.2700000 0.0001450 404928.5824664
1.2750000 0.0001450 432581.6565515
1.2800000 0.0001450 478951.9394108
1.2850000 0.0001450 523167.0775432
1.2900000 0.0001450 561757.4772660
1.2950000 0.0001450 617209.2595603
1.3000000 0.0001450 659377.8652742
1.3050000 0.0001450 715390.2369257
1.3100000 0.0001450 745949.0433057
1.3150000 0.0001450 826792.9789658
1.3200000 0.0001450 911585.5307373
1.3250000 0.0001450 961263.8948509
1.3300000 0.0001450 1052692.1201528
1.3350000 0.0001450 1101736.5229483
1.3400000 0.0001450 1210012.1229440
1.3450000 0.0001450 1284024.4100394
1.3500000 0.0001450 1400353.3138912
1.3550000 0.0001450 1468369.0396151
1.3600000 0.0001450 1628173.8108112
1.3650000 0.0001450 1709960.8618708
1.3700000 0.0001450 1888229.3810561
1.3750000 0.0001450 1984715.1884400
1.3800000 0.0001450 2210452.9577205
1.3850000 0.0001450 2325030.8688923
1.3900000 0.0001450 2533692.7821914
1.3950000 0.0001450 2729233.6649845
1.4000000 0.0001450 2932786.9242370
1.4050000 0.0001450 3315045.6574599
1.1000000 0.0001455 211923.7581761
1.1050000 0.0001455 200168.1166936
1.1100000 0.0001455 191711.8166045
1.1150000 0.0001455 183176.9363423
1.1200000 0.0001455 175224.1904964
1.1250000 0.0001455 165499.1435972
1.1300000 0.0001455 157659.8797538
1.1350000 0.0001455 143799.1099051
1.1400000 0.0001455 133002.5568059
1.1450000 0.0001455 119905.1077397
1.1500000 0.0001455 107582.5420282
1.1550000 0.0001455 94993.4893922
1.1600000 0.0001455 82404.0982348
1.1650000 0.0001455 69313.5640595
1.1700000 0.0001455 55102.0269428
1.1750000 0.0001455 40062.1317720
1.1800000 0.0001455 24709.3763866
1.1850000 0.0001455 8707.3159961
1.1900000 0.0001455 8161.4858120
1.1950000 0.0001455 25639.5992604
1.2000000 0.0001455 43808.7290791
1.2050000 0.0001455 63139.5219831
1.2100000 0.0001455 83872.7726126
1.2150000 0.0001455 105234.6148846
1.2200000 0.0001455 126494.4125792
1.2250000 0.0001455 149812.8496261
1.2300000 0.0001455 174287.3704921
1.2350000 0.0001455 200180.5933079
1.2400000 0.0001455 223634.7898315
1.2450000 0.0001455 258055.0881367
1.2500000 0.0001455 287649.3129159
1.2550000 0.0001455 315713.5278737
1.2600000 0.0001455 353087.0650227
1.2650000 0.0001455 386239.1171034
1.2700000 0.0001455 420701.6936107
1.2750000 0.0001455 456005.0528975
1.2800000 0.0001455 497574.6759254
1.2850000 0.0001455 544449.9623534
1.2900000 0.0001455 598071.5144664
1.2950000 0.0001455 639271.5646884
1.3000000 0.0001455 703797.8657924
1.3050000 0.0001455 744789.1135081
1.3100000 0.0001455 813870.3138591
1.3150000 0.0001455 872790.4308912
1.3200000 0.0001455 938341.3337786
1.3250000 0.0001455 1006895.8328263
1.3300000 0.0001455 1082439.3093854
1.3350000 0.0001455 1183639.0488364
1.3400000 0.0001455 1254378.7364367
1.3450000 0.0001455 1377209.5855157
1.3500000 0.0001455 1438649.2197542
1.3550000 0.0001455 1583346.2216135
1.3600000 0.0001455 1676557.3232865
1.3650000 0.0001455 1825318.7147350
1.3700000 0.0001455 1953172.1142166
1.3750000 0.0001455 2087185.0766991
1.3800000 0.0001455 2290083.6167184
1.3850000 0.0001455 2421982.7504827
1.3900000 0.0001455 2706964.9601045
1.3950000 0.0001455 2849061.7233639
1.4000000 0.0001455 3185358.7333801
1.4050000 0.0001455 3422546.9939572
1.1000000 0.0001460 204787.9028589
1.1050000 0.0001460 195897.7069208
1.1100000 0.0001460 187296.0999764
1.1150000 0.0001460 179195.5028293
1.1200000 0.0001460 172510.8374940
1.1250000 0.0001460 157925.6121765
1.1300000 0.0001460 151593.8633445
1.1350000 0.0001460 137806.5909843
1.1400000 0.0001460 127270.7231515
1.1450000 0.0001460 113522.5741889
1.1500000 0.0001460 101736.5174205
1.1550000 0.0001460 89017.4755333
1.1600000 0.0001460 75284.6202135
1.1650000 0.0001460 61490.3624819
1.1700000 0.0001460 47346.5348771
1.1750000 0.0001460 32135.1969067
1.1800000 0.0001460 16143.0333859
1.1850000 0.0001460 321.3740512
1.1900000 0.0001460 17590.0860206
1.1950000 0.0001460 35775.9309859
1.2000000 0.0001460 54712.6827336
1.2050000 0.0001460 74104.4275014
1.2100000 0.0001460 94579.0166458
1.2150000 0.0001460 116318.6039793
1.2200000 0.0001460 136206.8614770
1.2250000 0.0001460 162911.0556477
1.2300000 0.0001460 186186.6191328
1.2350000 0.0001460 215589.3921203
1.2400000 0.0001460 242688.1373432
1.2450000 0.0001460 270786.9104057
1.2500000 0.0001460 304272.7643584
1.2550000 0.0001460 335661.2148292
1.2600000 0.0001460 364303.9548051
1.2650000 0.0001460 406520.5444130
1.2700000 0.0001460 445703.8512409
1.2750000 0.0001460 483209.0355726
1.2800000 0.0001460 534360.2014533
1.2850000 0.0001460 572918.6215899
1.2900000 0.0001460 624988.7344178
1.2950000 0.0001460 668587.9393810
1.3000000 0.0001460 725162.5873428
1.3050000 0.0001460 792974.9499199
1.3100000 0.0001460 835260.4741267
1.3150000 0.0001460 922195.2611152
1.3200000 0.0001460 974217.4394869
1.3250000 0.0001460 1060759.0593731
1.3300000 0.0001460 1103348.8144156
1.3350000 0.0001460 1232360.1662831
1.3400000 0.0001460 1300744.4893499
1.3450000 0.0001460 1422425.2174775
1.3500000 0.0001460 1496902.7354806
1.3550000 0.0001460 1654326.3575692
1.3600000 0.0001460 1739778.0255567
1.3650000 0.0001460 1923276.5575660
1.3700000 0.0001460 2014471.1316645
1.3750000 0.0001460 2211948.8083835
1.3800000 0.0001460 2356665.2107031
1.3850000 0.0001460 2627278.6102637
1.3900000 0.0001460 2791089.8436305
1.3950000 0.0001460 2954548.2946862
1.4000000 0.0001460 3313735.6278040
1.4050000 0.0001460 3536889.2665382
1.1000000 0.0001465 198997.8615491
1.1050000 0.0001465 190815.7192926
1.1100000 0.0001465 182370.6949079
1.1150000 0.0001465 179554.9395496
1.1200000 0.0001465 166948.4242306
1.1250000 0.0001465 158027.9761706
1.1300000 0.0001465 146666.1167149
1.1350000 0.0001465 133826.3216584
1.1400000 0.0001465 118852.8166332
1.1450000 0.0001465 106721.9658060
1.1500000 0.0001465 94711.1327581
1.1550000 0.0001465 82059.9508775
1.1600000 0.0001465 68575.5013042
1.1650000 0.0001465 54004.8076353
1.1700000 0.0001465 39099.0358138
1.1750000 0.0001465 23720.1174050
1.1800000 0.0001465 7460.5317202
1.1850000 0.0001465 9508.8016066
1.1900000 0.0001465 27091.7512545
1.1950000 0.0001465 45537.2505616
1.2000000 0.0001465 65218.4642123
1.2050000 0.0001465 86050.3751951
1.2100000 0.0001465 107167.7915613
1.2150000 0.0001465 127892.8070785
1.2200000 0.0001465 150996.1198690
1.2250000 0.0001465 178061.9461582
1.2300000 0.0001465 202890.4692338
1.2350000 0.0001465 227892.0198968
1.2400000 0.0001465 262071.7705821
1.2450000 0.0001465 291462.0173652
1.2500000 0.0001465 319740.1607188
1.2550000 0.0001465 358244.1727482
1.2600000 0.0001465 389136.1010740
1.2650000 0.0001465 427802.9987971
1.2700000 0.0001465 466543.7966339
1.2750000 0.0001465 503398.4649592
1.2800000 0.0001465 555762.6490328
1.2850000 0.0001465 601321.3840274
1.2900000 0.0001465 647528.6355511
1.2950000 0.0001465 708889.5604531
1.3000000 0.0001465 746585.5607469
1.3050000 0.0001465 824415.1117319
1.3100000 0.0001465 879366.3935562
1.3150000 0.0001465 934883.8896787
1.3200000 0.0001465 1032398.1824444
1.3250000 0.0001465 1095154.5276131
1.3300000 0.0001465 1175410.9877873
1.3350000 0.0001465 1257888.2764151
1.3400000 0.0001465 1396021.1798802
1.3450000 0.0001465 1465864.6249203
1.3500000 0.0001465 1614915.3570170
1.3550000 0.0001465 1703208.2847400
1.3600000 0.0001465 1872032.2284664
1.3650000 0.0001465 1977192.4892714
1.3700000 0.0001465 2174514.0976346
1.3750000 0.0001465 2327055.6228409
1.3800000 0.0001465 2491115.6189042
1.3850000 0.0001465 2719205.5703079
1.3900000 0.0001465 2898959.3912816
1.3950000 0.0001465 3300197.8780177
1.4000000 0.0001465 3491388.3379571
1.4050000 0.0001465 3747161.0147512
1.1000000 0.0001470 196267.2851251
1.1050000 0.0001470 187619.1393412
1.1100000 0.0001470 178919.1836585
1.1150000 0.0001470 168829.5172891
1.1200000 0.0001470 158978.6177468
1.1250000 0.0001470 151314.0274993
1.1300000 0.0001470 137002.6011714
1.1350000 0.0001470 126290.8353381
1.1400000 0.0001470 114034.8665430
1.1450000 0.0001470 100932.5907153
1.1500000 0.0001470 88048.6816343
1.1550000 0.0001470 74623.2079178
1.1600000 0.0001470 61077.9955329
1.1650000 0.0001470 46563.5167633
1.1700000 0.0001470 31055.9885652
1.1750000 0.0001470 15048.3783653
1.1800000 0.0001470 1533.6203779
1.1850000 0.0001470 18992.4286048
1.1900000 0.0001470 37260.1716366
1.1950000 0.0001470 56181.3319551
1.2000000 0.0001470 75765.4915904
1.2050000 0.0001470 96835.9185692
1.2100000 0.0001470 119461.9357731
1.2150000 0.0001470 141055.5655334
1.2200000 0.0001470 164474.0951496
1.2250000 0.0001470 190299.8824332
1.2300000 0.0001470 218369.3886718
1.2350000 0.0001470 247236.1612182
1.2400000 0.0001470 274854.9107761
1.2450000 0.0001470 310372.5803718
1.2500000 0.0001470 342200.6554923
1.2550000 0.0001470 370639.4762965
1.2600000 0.0001470 413736.1496801
1.2650000 0.0001470 447423.6075877
1.2700000 0.0001470 489513.8051163
1.2750000 0.0001470 538077.8509982
1.2800000 0.0001470 575303.9078407
1.2850000 0.0001470 635042.6808259
1.2900000 0.0001470 674023.5817117
1.2950000 0.0001470 733976.4685482
1.3000000 0.0001470 803873.7265409
1.3050000 0.0001470 841628.1331566
1.3100000 0.0001470 937268.0703635
1.3150000 0.0001470 991544.7257923
1.3200000 0.0001470 1079177.5931717
1.3250000 0.0001470 1144992.5370457
1.3300000 0.0001470 1235534.1105108
1.3350000 0.0001470 1334848.6107091
1.3400000 0.0001470 1441095.6028571
1.3450000 0.0001470 1542000.0483715
1.3500000 0.0001470 1673023.8134608
1.3550000 0.0001470 1753071.4076623
1.3600000 0.0001470 1955384.1472823
1.3650000 0.0001470 2066141.5383331
1.3700000 0.0001470 2276093.6254628
1.3750000 0.0001470 2393025.7561634
1.3800000 0.0001470 2683942.5073920
1.3850000 0.0001470 2844631.5779894
1.3900000 0.0001470 3055961.6266068
1.3950000 0.0001470 3430854.6764740
1.4000000 0.0001470 3635664.0744308
1.4050000 0.0001470 4189140.9232332
1.1000000 0.0001475 191706.0506047
1.1050000 0.0001475 182420.1791428
1.1100000 0.0001475 172751.3219872
1.1150000 0.0001475 182357.0805021
1.1200000 0.0001475 157484.7296184
1.1250000 0.0001475 144982.3574056
1.1300000 0.0001475 132365.2363214
1.1350000 0.0001475 118238.8998239
1.1400000 0.0001475 106759.9205455
1.1450000 0.0001475 94803.4156927
1.1500000 0.0001475 81734.4965448
1.1550000 0.0001475 67659.1132929
1.1600000 0.0001475 53185.3212852
1.1650000 0.0001475 38454.6822156
1.1700000 0.0001475 22854.4827877
1.1750000 0.0001475 6380.5752362
1.1800000 0.0001475 10655.8741524
1.1850000 0.0001475 28419.4804863
1.1900000 0.0001475 47176.1614297
1.1950000 0.0001475 67061.2619901
1.2000000 0.0001475 87782.0136372
1.2050000 0.0001475 108788.8213121
1.2100000 0.0001475 129617.6454535
1.2150000 0.0001475 154438.5851354
1.2200000 0.0001475 177101.5128502
1.2250000 0.0001475 198965.7304154
1.2300000 0.0001475 230593.9974432
1.2350000 0.0001475 266075.3505023
1.2400000 0.0001475 292828.1513772
1.2450000 0.0001475 325786.4888857
1.2500000 0.0001475 363525.0157063
1.2550000 0.0001475 395281.4019698
1.2600000 0.0001475 433723.5724398
1.2650000 0.0001475 475231.5017492
1.2700000 0.0001475 510237.2771371
1.2750000 0.0001475 563430.2941233
1.2800000 0.0001475 615246.7495849
1.2850000 0.0001475 657227.5362637
1.2900000 0.0001475 721579.7783939
1.2950000 0.0001475 740767.1934774
1.3000000 0.0001475 837029.8708094
1.3050000 0.0001475 883475.1611475
1.3100000 0.0001475 966027.7644782
1.3150000 0.0001475 1050985.2242753
1.3200000 0.0001475 1099503.2590005
1.3250000 0.0001475 1219927.8065017
1.3300000 0.0001475 1278861.1533783
1.3350000 0.0001475 1418723.3975056
1.3400000 0.0001475 1486617.6705028
1.3450000 0.0001475 1628455.9892417
1.3500000 0.0001475 1721085.3632787
1.3550000 0.0001475 1915765.2016861
1.3600000 0.0001475 2005804.3548151
1.3650000 0.0001475 2184677.5210364
1.3700000 0.0001475 2361765.4579687
1.3750000 0.0001475 2564382.2829286
1.3800000 0.0001475 2767929.0581282
1.3850000 0.0001475 2953676.0893131
1.3900000 0.0001475 3300656.5127141
1.3950000 0.0001475 3507425.1829068
1.4000000 0.0001475 3871272.6124590
1.4050000 0.0001475 4386723.8492803
1.1000000 0.0001480 186781.7726917
1.1050000 0.0001480 178024.1825754
1.1100000 0.0001480 170626.2382912
1.1150000 0.0001480 161579.1115431
1.1200000 0.0001480 153033.8440369
1.1250000 0.0001480 142895.4581976
1.1300000 0.0001480 127434.1144583
1.1350000 0.0001480 114505.4593448
1.1400000 0.0001480 100166.2252091
1.1450000 0.0001480 87506.6752877
1.1500000 0.0001480 74510.8085230
1.1550000 0.0001480 60650.1448018
1.1600000 0.0001480 45687.4135992
1.1650000 0.0001480 30181.5399395
1.1700000 0.0001480 14209.0806090
1.1750000 0.0001480 2560.9815959
1.1800000 0.0001480 20139.0023913
1.1850000 0.0001480 38414.0000727
1.1900000 0.0001480 57407.0051623
1.1950000 0.0001480 77396.6010418
1.2000000 0.0001480 99011.3097591
1.2050000 0.0001480 121793.9649536
1.2100000 0.0001480 142709.5501114
1.2150000 0.0001480 165150.6695349
1.2200000 0.0001480 192624.7706715
1.2250000 0.0001480 216773.5700376
1.2300000 0.0001480 247935.7508985
1.2350000 0.0001480 277557.6702686
1.2400000 0.0001480 313440.9353547
1.2450000 0.0001480 343560.4543914
1.2500000 0.0001480 378837.8175532
1.2550000 0.0001480 421390.5573226
1.2600000 0.0001480 452604.7650069
1.2650000 0.0001480 497703.5295951
1.2700000 0.0001480 549676.1915868
1.2750000 0.0001480 586090.2769958
1.2800000 0.0001480 636197.9618526
1.2850000 0.0001480 680742.4334284
1.2900000 0.0001480 745788.4697371
1.2950000 0.0001480 801589.1049129
1.3000000 0.0001480 863374.0137639
1.3050000 0.0001480 946703.7547944
1.3100000 0.0001480 1001950.1077284
1.3150000 0.0001480 1095937.3910316
1.3200000 0.0001480 1147515.4495228
1.3250000 0.0001480 1262934.7443388
1.3300000 0.0001480 1361827.4364031
1.3350000 0.0001480 1449083.4900157
1.3400000 0.0001480 1557485.3023811
1.3450000 0.0001480 1691495.5644975
1.3500000 0.0001480 1823390.7099445
1.3550000 0.0001480 1972720.2812724
1.3600000 0.0001480 2080093.6752484
1.3650000 0.0001480 2324595.6895904
1.3700000 0.0001480 2444085.7920853
1.3750000 0.0001480 2728542.3882444
1.3800000 0.0001480 2878366.0398193
1.3850000 0.0001480 3234273.4126027
1.3900000 0.0001480 3467681.5985545
1.3950000 0.0001480 3742077.4058566
1.4000000 0.0001480 4224458.7351354
1.4050000 0.0001480 4540932.4220576
1.1000000 0.0001485 183592.4565125
1.1050000 0.0001485 179200.2686901
1.1100000 0.0001485 166985.1834537
1.1150000 0.0001485 154531.8396199
1.1200000 0.0001485 145279.5775748
1.1250000 0.0001485 134149.9789214
1.1300000 0.0001485 118673.4703392
1.1350000 0.0001485 107115.9349462
1.1400000 0.0001485 94468.5396118
1.1450000 0.0001485 81045.8712856
1.1500000 0.0001485 66964.2935333
1.1550000 0.0001485 52796.8284251
1.1600000 0.0001485 37929.8483072
1.1650000 0.0001485 22046.7134927
1.1700000 0.0001485 5495.5895801
1.1750000 0.0001485 11639.2613873
1.1800000 0.0001485 29640.5028288
1.1850000 0.0001485 48640.3484777
1.1900000 0.0001485 68529.5510408
1.1950000 0.0001485 89045.2584385
1.2000000 0.0001485 110127.8224047
1.2050000 0.0001485 131435.2395214
1.2100000 0.0001485 156820.9293834
1.2150000 0.0001485 178677.5338437
1.2200000 0.0001485 207934.5142144
1.2250000 0.0001485 236925.5354663
1.2300000 0.0001485 269538.4044040
1.2350000 0.0001485 295714.9806330
1.2400000 0.0001485 330842.8940361
1.2450000 0.0001485 363229.0931116
1.2500000 0.0001485 397548.6738103
1.2550000 0.0001485 438196.2889866
1.2600000 0.0001485 486245.1347658
1.2650000 0.0001485 518118.5195537
1.2700000 0.0001485 571249.5618121
1.2750000 0.0001485 600917.7579412
1.2800000 0.0001485 664108.6830056
1.2850000 0.0001485 721034.9537731
1.2900000 0.0001485 773492.0140800
1.2950000 0.0001485 847151.3778589
1.3000000 0.0001485 909603.9862324
1.3050000 0.0001485 976710.4977618
1.3100000 0.0001485 1066647.2075328
1.3150000 0.0001485 1123230.8860034
1.3200000 0.0001485 1226430.7118670
1.3250000 0.0001485 1302712.7890426
1.3300000 0.0001485 1435475.3666540
1.3350000 0.0001485 1497133.3515763
1.3400000 0.0001485 1665070.9138060
1.3450000 0.0001485 1744731.5802913
1.3500000 0.0001485 1939838.8118933
1.3550000 0.0001485 2037239.4110657
1.3600000 0.0001485 2268473.9878179
1.3650000 0.0001485 2376412.1085222
1.3700000 0.0001485 2601321.1535091
1.3750000 0.0001485 2832180.9575902
1.3800000 0.0001485 3047814.1735631
1.3850000 0.0001485 3420415.6089115
1.3900000 0.0001485 3582676.7446619
1.3950000 0.0001485 4065687.3293237
1.4000000 0.0001485 4407954.4245604
1.4050000 0.0001485 4719781.8692607
1.1000000 0.0001490 179278.4898012
1.1050000 0.0001490 171241.8759229
1.1100000 0.0001490 161122.5737856
1.1150000 0.0001490 150568.4044297
1.1200000 0.0001490 138611.6318047
1.1250000 0.0001490 125991.5993686
1.1300000 0.0001490 112932.8992891
1.1350000 0.0001490 100179.9087911
1.1400000 0.0001490 87692.0392222
1.1450000 0.0001490 74403.9486955
1.1500000 0.0001490 59995.5879974
1.1550000 0.0001490 44956.7034739
1.1600000 0.0001490 29620.3561876
1.1650000 0.0001490 13566.0509202
1.1700000 0.0001490 3388.4907043
1.1750000 0.0001490 21009.4612717
1.1800000 0.0001490 39315.6387933
1.1850000 0.0001490 58544.8853534
1.1900000 0.0001490 79027.5356067
1.1950000 0.0001490 100932.6303067
1.2000000 0.0001490 122428.5066043
1.2050000 0.0001490 145621.4762634
1.2100000 0.0001490 168121.5934087
1.2150000 0.0001490 196813.7603712
1.2200000 0.0001490 225164.4013048
1.2250000 0.0001490 251296.0052816
1.2300000 0.0001490 282929.2403063
1.2350000 0.0001490 311623.8511011
1.2400000 0.0001490 348913.4938503
1.2450000 0.0001490 384648.5168797
1.2500000 0.0001490 425882.7189208
1.2550000 0.0001490 457773.8393126
1.2600000 0.0001490 501454.9216626
1.2650000 0.0001490 546312.8706185
1.2700000 0.0001490 590046.7604026
1.2750000 0.0001490 649324.6391441
1.2800000 0.0001490 697123.6722026
1.2850000 0.0001490 749487.0334356
1.2900000 0.0001490 821824.0764133
1.2950000 0.0001490 876056.0013966
1.3000000 0.0001490 956467.7973445
1.3050000 0.0001490 1018979.2312260
1.3100000 0.0001490 1099318.6977813
1.3150000 0.0001490 1183576.2225948
1.3200000 0.0001490 1279662.9375570
1.3250000 0.0001490 1387885.6925982
1.3300000 0.0001490 1475156.0187990
1.3350000 0.0001490 1614303.2815247
1.3400000 0.0001490 1717036.5639885
1.3450000 0.0001490 1813671.7437918
1.3500000 0.0001490 2001107.2569754
1.3550000 0.0001490 2136336.5957282
1.3600000 0.0001490 2350216.5077246
1.3650000 0.0001490 2496816.4169902
1.3700000 0.0001490 2745649.8227614
1.3750000 0.0001490 2926645.0248236
1.3800000 0.0001490 3324530.7394135
1.3850000 0.0001490 3526849.4058090
1.3900000 0.0001490 3803992.2783208
1.3950000 0.0001490 4358331.9749718
1.4000000 0.0001490 4569580.4308482
1.4050000 0.0001490 5123983.6801701
1.1000000 0.0001495 172451.5337863
1.1050000 0.0001495 166990.1640009
1.1100000 0.0001495 155476.2390845
1.1150000 0.0001495 149140.6319666
1.1200000 0.0001495 132891.7963204
1.1250000 0.0001495 119091.1982266
1.1300000 0.0001495 106726.7483773
1.1350000 0.0001495 93775.1749538
1.1400000 0.0001495 80496.8198347
1.1450000 0.0001495 66853.1882228
1.1500000 0.0001495 52635.3204078
1.1550000 0.0001495 37368.2513032
1.1600000 0.0001495 21363.6740375
1.1650000 0.0001495 4825.8852776
1.1700000 0.0001495 12471.8535568
1.1750000 0.0001495 30683.5151609
1.1800000 0.0001495 49782.0406824
1.1850000 0.0001495 69537.9959206
1.1900000 0.0001495 89999.5286698
1.1950000 0.0001495 111565.1426196
1.2000000 0.0001495 131988.0202839
1.2050000 0.0001495 158169.2939201
1.2100000 0.0001495 183905.6681006
1.2150000 0.0001495 208657.8131204
1.2200000 0.0001495 240914.0002759
1.2250000 0.0001495 268905.2815638
1.2300000 0.0001495 296932.9394380
1.2350000 0.0001495 333932.0170047
1.2400000 0.0001495 370593.2586679
1.2450000 0.0001495 395114.4721855
1.2500000 0.0001495 443332.3901664
1.2550000 0.0001495 488953.8392258
1.2600000 0.0001495 519336.3158597
1.2650000 0.0001495 576807.3686765
1.2700000 0.0001495 610213.2643912
1.2750000 0.0001495 672580.1215096
1.2800000 0.0001495 730838.4711441
1.2850000 0.0001495 780519.4148595
1.2900000 0.0001495 852071.7473248
1.2950000 0.0001495 925247.3200122
1.3000000 0.0001495 988585.4268151
1.3050000 0.0001495 1085809.9068648
1.3100000 0.0001495 1138681.2363336
1.3150000 0.0001495 1254779.2904510
1.3200000 0.0001495 1323691.0355760
1.3250000 0.0001495 1435171.4265691
1.3300000 0.0001495 1509927.1084595
1.3350000 0.0001495 1680133.8294391
1.3400000 0.0001495 1760162.9070300
1.3450000 0.0001495 1972735.7904410
1.3500000 0.0001495 2033115.4468652
1.3550000 0.0001495 2308449.1698902
1.3600000 0.0001495 2405731.7287123
1.3650000 0.0001495 2713848.0742847
1.3700000 0.0001495 2874347.0334664
1.3750000 0.0001495 3110086.9444860
1.3800000 0.0001495 3481979.6344941
1.3850000 0.0001495 3680984.1925928
1.3900000 0.0001495 4207531.9856005
1.3950000 0.0001495 4529488.5677792
1.4000000 0.0001495 4903018.5454705
1.4050000 0.0001495 5792006.4876555
1.1000000 0.0001500 168076.4116181
1.1050000 0.0001500 158920.0887938
1.1100000 0.0001500 165613.0700374
1.1150000 0.0001500 141538.4414134
1.1200000 0.0001500 126506.9625384
1.1250000 0.0001500 112987.8760770
1.1300000 0.0001500 100669.4123096
1.1350000 0.0001500 87923.1882629
1.1400000 0.0001500 73936.3553702
1.1450000 0.0001500 59437.2190734
1.1500000 0.0001500 44667.9780633
1.1550000 0.0001500 29317.8159864
1.1600000 0.0001500 13042.6750939
1.1650000 0.0001500 4005.6320990
1.1700000 0.0001500 21664.6202844
1.1750000 0.0001500 40117.9419950
1.1800000 0.0001500 59679.1806704
1.1850000 0.0001500 80532.6650373
1.1900000 0.0001500 102372.4687299
1.1950000 0.0001500 124674.6822633
1.2000000 0.0001500 145595.3951677
1.2050000 0.0001500 171504.7625457
1.2100000 0.0001500 198605.8919578
1.2150000 0.0001500 225097.5987879
1.2200000 0.0001500 254870.1421116
1.2250000 0.0001500 286979.9957382
1.2300000 0.0001500 319875.7494637
1.2350000 0.0001500 351191.2376547
1.2400000 0.0001500 386224.0626228
1.2450000 0.0001500 429717.6399917
1.2500000 0.0001500 463599.1843196
1.2550000 0.0001500 497738.9189679
1.2600000 0.0001500 559846.3967234
1.2650000 0.0001500 600165.1558242
1.2700000 0.0001500 652096.1600917
1.2750000 0.0001500 704932.8775298
1.2800000 0.0001500 754624.8362888
1.2850000 0.0001500 828776.3961142
1.2900000 0.0001500 885263.5380697
1.2950000 0.0001500 956904.9166270
1.3000000 0.0001500 1029511.9108917
1.3050000 0.0001500 1110168.8307187
1.3100000 0.0001500 1200773.0905798
1.3150000 0.0001500 1293583.9415294
1.3200000 0.0001500 1386645.3116587
1.3250000 0.0001500 1496882.5507318
1.3300000 0.0001500 1621381.2242126
1.3350000 0.0001500 1737461.6934565
1.3400000 0.0001500 1911728.2867455
1.3450000 0.0001500 2029475.2890764
1.3500000 0.0001500 2202062.0083757
1.3550000 0.0001500 2372329.1090306
1.3600000 0.0001500 2554782.6433993
1.3650000 0.0001500 2799022.0121211
1.3700000 0.0001500 2974072.2923031
1.3750000 0.0001500 3294519.2359364
1.3800000 0.0001500 3572270.6838413
1.3850000 0.0001500 3975899.9656761
1.3900000 0.0001500 4416667.0871634
1.3950000 0.0001500 4715142.4931113
1.4000000 0.0001500 5510799.2032239
1.4050000 0.0001500 6056953.3370218
1.1000000 0.0001505 164992.1656112
1.1050000 0.0001505 157611.0956110
1.1100000 0.0001505 145940.5066955
1.1150000 0.0001505 131739.0240947
1.1200000 0.0001505 118650.3599059
1.1250000 0.0001505 106205.4589478
1.1300000 0.0001505 93620.7783239
1.1350000 0.0001505 80657.2213629
1.1400000 0.0001505 67052.2285457
1.1450000 0.0001505 52367.5152055
1.1500000 0.0001505 36880.4623437
1.1550000 0.0001505 20943.2290210
1.1600000 0.0001505 4364.8988276
1.1650000 0.0001505 13110.7787819
1.1700000 0.0001505 31419.5555725
1.1750000 0.0001505 50494.7464236
1.1800000 0.0001505 70186.5043931
1.1850000 0.0001505 90928.4111435
1.1900000 0.0001505 112371.4946199
1.1950000 0.0001505 135790.4327701
1.2000000 0.0001505 158518.7928354
1.2050000 0.0001505 187224.2253523
1.2100000 0.0001505 212835.8648364
1.2150000 0.0001505 244029.0768407
1.2200000 0.0001505 272039.3159738
1.2250000 0.0001505 299210.3475563
1.2300000 0.0001505 339072.4611684
1.2350000 0.0001505 373753.0332903
1.2400000 0.0001505 406152.9090488
1.2450000 0.0001505 450433.7236179
1.2500000 0.0001505 487827.0150758
1.2550000 0.0001505 530019.8669420
1.2600000 0.0001505 583878.4542458
1.2650000 0.0001505 633636.6471376
1.2700000 0.0001505 675874.2486194
1.2750000 0.0001505 745211.3909567
1.2800000 0.0001505 794157.2382586
1.2850000 0.0001505 861260.2911975
1.2900000 0.0001505 936140.9087370
1.2950000 0.0001505 999940.8003931
1.3000000 0.0001505 1088884.0121602
1.3050000 0.0001505 1152189.0205439
1.3100000 0.0001505 1271182.1831108
1.3150000 0.0001505 1333709.8442844
1.3200000 0.0001505 1463959.1496174
1.3250000 0.0001505 1543174.8252574
1.3300000 0.0001505 1712522.0859872
1.3350000 0.0001505 1789507.7371430
1.3400000 0.0001505 1973984.5901886
1.3450000 0.0001505 2092772.4707489
1.3500000 0.0001505 2348239.4425083
1.3550000 0.0001505 2451045.4063042
1.3600000 0.0001505 2696025.9704170
1.3650000 0.0001505 2915850.0293840
1.3700000 0.0001505 3241727.4032572
1.3750000 0.0001505 3514151.4486857
1.3800000 0.0001505 3754049.3050274
1.3850000 0.0001505 4323249.2947486
1.3900000 0.0001505 4556522.2919429
1.3950000 0.0001505 5048063.4782463
1.4000000 0.0001505 5868136.5122452
1.4050000 0.0001505 6276698.8316902
1.1000000 0.0001510 160093.8793842
1.1050000 0.0001510 155504.0089815
1.1100000 0.0001510 138881.6074273
1.1150000 0.0001510 129411.4670921
1.1200000 0.0001510 113472.9509532
1.1250000 0.0001510 100589.1443124
1.1300000 0.0001510 87589.9983622
1.1350000 0.0001510 73556.8988895
1.1400000 0.0001510 59441.2104155
1.1450000 0.0001510 44764.2652539
1.1500000 0.0001510 29094.2485302
1.1550000 0.0001510 12633.4349092
1.1600000 0.0001510 4427.7218090
1.1650000 0.0001510 22207.3739455
1.1700000 0.0001510 40904.0343110
1.1750000 0.0001510 60718.7332894
1.1800000 0.0001510 81660.3070100
1.1850000 0.0001510 103190.3014988
1.1900000 0.0001510 125186.5815147
1.1950000 0.0001510 148676.8058334
1.2000000 0.0001510 173855.5850307
1.2050000 0.0001510 202401.6445034
1.2100000 0.0001510 219106.3510372
1.2150000 0.0001510 257233.0321273
1.2200000 0.0001510 287136.7142598
1.2250000 0.0001510 316238.7984710
1.2300000 0.0001510 351456.5275966
1.2350000 0.0001510 389018.6666292
1.2400000 0.0001510 432933.1159459
1.2450000 0.0001510 467343.2471123
1.2500000 0.0001510 512974.3941162
1.2550000 0.0001510 549373.2559462
1.2600000 0.0001510 605229.4686449
1.2650000 0.0001510 661656.1900631
1.2700000 0.0001510 709163.0608090
1.2750000 0.0001510 750901.4942370
1.2800000 0.0001510 828009.5396578
1.2850000 0.0001510 893532.4884572
1.2900000 0.0001510 977208.5769297
1.2950000 0.0001510 1033280.0587164
1.3000000 0.0001510 1133061.2469068
1.3050000 0.0001510 1209637.5325026
1.3100000 0.0001510 1307168.2997976
1.3150000 0.0001510 1404221.6687658
1.3200000 0.0001510 1508007.1754854
1.3250000 0.0001510 1664240.0439637
1.3300000 0.0001510 1735716.2744573
1.3350000 0.0001510 1932098.8338276
1.3400000 0.0001510 2053307.3937482
1.3450000 0.0001510 2250899.0776664
1.3500000 0.0001510 2407253.8584723
1.3550000 0.0001510 2612136.1206076
1.3600000 0.0001510 2868774.0560269
1.3650000 0.0001510 3049100.7299733
1.3700000 0.0001510 3405626.7866366
1.3750000 0.0001510 3644148.9028697
1.3800000 0.0001510 4138075.3331225
1.3850000 0.0001510 4499721.7492934
1.3900000 0.0001510 4765595.6443133
1.3950000 0.0001510 5615640.0533778
1.4000000 0.0001510 6117152.1578411
1.4050000 0.0001510 6658252.2752290
1.1000000 0.0001515 161079.0807803
1.1050000 0.0001515 145739.9921071
1.1100000 0.0001515 137902.2657711
1.1150000 0.0001515 118546.4651541
1.1200000 0.0001515 106654.2017886
1.1250000 0.0001515 94348.1262965
1.1300000 0.0001515 81127.6057681
1.1350000 0.0001515 66986.3429044
1.1400000 0.0001515 52075.8835691
1.1450000 0.0001515 36739.9169685
1.1500000 0.0001515 20829.9081019
1.1550000 0.0001515 4085.3261018
1.1600000 0.0001515 13490.0671894
1.1650000 0.0001515 31785.3459642
1.1700000 0.0001515 50855.5964843
1.1750000 0.0001515 70753.5731877
1.1800000 0.0001515 91999.6675679
1.1850000 0.0001515 114497.8069183
1.1900000 0.0001515 137535.9241811
1.1950000 0.0001515 163437.4139181
1.2000000 0.0001515 184876.5977423
1.2050000 0.0001515 214054.1526308
1.2100000 0.0001515 246562.9291347
1.2150000 0.0001515 274707.0580200
1.2200000 0.0001515 304310.3557756
1.2250000 0.0001515 343190.8108994
1.2300000 0.0001515 376868.9258532
1.2350000 0.0001515 407767.6702055
1.2400000 0.0001515 453930.8143920
1.2450000 0.0001515 497085.0454904
1.2500000 0.0001515 536189.9277809
1.2550000 0.0001515 589391.1060569
1.2600000 0.0001515 636461.4028665
1.2650000 0.0001515 688384.1207603
1.2700000 0.0001515 752607.8847125
1.2750000 0.0001515 793018.7369397
1.2800000 0.0001515 867109.3414815
1.2850000 0.0001515 936068.5412774
1.2900000 0.0001515 1006025.1465398
1.2950000 0.0001515 1106207.0435611
1.3000000 0.0001515 1161390.2055690
1.3050000 0.0001515 1283960.5496191
1.3100000 0.0001515 1359396.5900648
1.3150000 0.0001515 1472943.7649514
1.3200000 0.0001515 1571507.1970032
1.3250000 0.0001515 1729233.2224583
1.3300000 0.0001515 1830111.0127802
1.3350000 0.0001515 2011436.1821706
1.3400000 0.0001515 2114048.7340084
1.3450000 0.0001515 2361267.3157870
1.3500000 0.0001515 2491022.1455390
1.3550000 0.0001515 2787251.7392794
1.3600000 0.0001515 2938699.7258443
1.3650000 0.0001515 3285361.5496833
1.3700000 0.0001515 3561428.4368941
1.3750000 0.0001515 3785986.0980652
1.3800000 0.0001515 4399025.5678490
1.3850000 0.0001515 4664020.5235637
1.3900000 0.0001515 5322100.0193527
1.3950000 0.0001515 5967991.8331828
1.4000000 0.0001515 6370663.2672015
1.4050000 0.0001515 7311735.7364425
1.1000000 0.0001520 151754.6021648
1.1050000 0.0001520 140086.1537154
1.1100000 0.0001520 129191.3002758
1.1150000 0.0001520 113666.6438933
1.1200000 0.0001520 100298.3814136
1.1250000 0.0001520 87346.6652370
1.1300000 0.0001520 73900.6903394
1.1350000 0.0001520 59886.2892193
1.1400000 0.0001520 44831.2196750
1.1450000 0.0001520 28902.3001595
1.1500000 0.0001520 12422.0204145
1.1550000 0.0001520 4681.2393270
1.1600000 0.0001520 22658.4252383
1.1650000 0.0001520 41569.5853592
1.1700000 0.0001520 61426.7341096
1.1750000 0.0001520 82185.6125382
1.1800000 0.0001520 103518.5867259
1.1850000 0.0001520 125906.5840276
1.1900000 0.0001520 150238.2187987
1.1950000 0.0001520 174552.9238159
1.2000000 0.0001520 201287.8263495
1.2050000 0.0001520 226508.3281036
1.2100000 0.0001520 260955.1786634
1.2150000 0.0001520 293245.1599786
1.2200000 0.0001520 321858.8658153
1.2250000 0.0001520 356535.6132140
1.2300000 0.0001520 392221.8666856
1.2350000 0.0001520 434815.5777221
1.2400000 0.0001520 472380.3744328
1.2450000 0.0001520 520817.8804591
1.2500000 0.0001520 563242.8058604
1.2550000 0.0001520 610506.6351174
1.2600000 0.0001520 672856.5316805
1.2650000 0.0001520 720216.9038947
1.2700000 0.0001520 772912.9099272
1.2750000 0.0001520 850900.0368660
1.2800000 0.0001520 903073.7832798
1.2850000 0.0001520 991331.1588698
1.2900000 0.0001520 1052836.5606891
1.2950000 0.0001520 1140559.0803640
1.3000000 0.0001520 1221307.5814210
1.3050000 0.0001520 1322335.8988351
1.3100000 0.0001520 1415832.3198160
1.3150000 0.0001520 1532342.0123828
1.3200000 0.0001520 1643515.2570876
1.3250000 0.0001520 1769840.6909218
1.3300000 0.0001520 1972520.4152185
1.3350000 0.0001520 2063121.3826252
1.3400000 0.0001520 2294692.1514269
1.3450000 0.0001520 2426046.8592293
1.3500000 0.0001520 2693443.8035683
1.3550000 0.0001520 2893246.3767606
1.3600000 0.0001520 3118491.4175342
1.3650000 0.0001520 3495725.9241825
1.3700000 0.0001520 3704761.7719711
1.3750000 0.0001520 4079182.4695031
1.3800000 0.0001520 4581460.8734697
1.3850000 0.0001520 4950524.5039357
1.3900000 0.0001520 5769906.0835007
1.3950000 0.0001520 6277558.9223786
1.4000000 0.0001520 6856604.5108600
1.4050000 0.0001520 8418892.9439858
1.1000000 0.0001525 149616.6415467
1.1050000 0.0001525 131361.4146037
1.1100000 0.0001525 119611.5566069
1.1150000 0.0001525 107574.3789172
1.1200000 0.0001525 94770.5076149
1.1250000 0.0001525 81159.0166530
1.1300000 0.0001525 66835.7458048
1.1350000 0.0001525 52187.0481957
1.1400000 0.0001525 37000.3874826
1.1450000 0.0001525 20889.7458760
1.1500000 0.0001525 3968.0530359
1.1550000 0.0001525 13610.3756287
1.1600000 0.0001525 31904.9896131
1.1650000 0.0001525 51119.4898434
1.1700000 0.0001525 71433.0892375
1.1750000 0.0001525 93086.4925142
1.1800000 0.0001525 115982.5816811
1.1850000 0.0001525 135580.5422824
1.1900000 0.0001525 157973.4795313
1.1950000 0.0001525 186275.7591857
1.2000000 0.0001525 218039.0728066
1.2050000 0.0001525 244973.5781507
1.2100000 0.0001525 273968.0207113
1.2150000 0.0001525 307978.6683685
1.2200000 0.0001525 346058.7566374
1.2250000 0.0001525 376914.9180651
1.2300000 0.0001525 413518.8401071
1.2350000 0.0001525 453442.6015704
1.2400000 0.0001525 498648.6932252
1.2450000 0.0001525 539556.2998300
1.2500000 0.0001525 590316.0398262
1.2550000 0.0001525 638212.2624462
1.2600000 0.0001525 694566.0582930
1.2650000 0.0001525 756500.8688773
1.2700000 0.0001525 789083.5496718
1.2750000 0.0001525 882937.1820465
1.2800000 0.0001525 940657.1955887
1.2850000 0.0001525 1019247.7523516
1.2900000 0.0001525 1078999.2606493
1.2950000 0.0001525 1181009.4537496
1.3000000 0.0001525 1301836.0211929
1.3050000 0.0001525 1367501.8650657
1.3100000 0.0001525 1484807.6358664
1.3150000 0.0001525 1565453.8222269
1.3200000 0.0001525 1744658.1542408
1.3250000 0.0001525 1856787.4830953
1.3300000 0.0001525 2040456.1378911
1.3350000 0.0001525 2162054.4647851
1.3400000 0.0001525 2395942.0154010
1.3450000 0.0001525 2532332.6548994
1.3500000 0.0001525 2806923.3814527
1.3550000 0.0001525 2984884.5671634
1.3600000 0.0001525 3292786.4727828
1.3650000 0.0001525 3581732.4041008
1.3700000 0.0001525 3940849.4044975
1.3750000 0.0001525 4464872.3212373
1.3800000 0.0001525 4755877.9850468
1.3850000 0.0001525 5449850.4240820
1.3900000 0.0001525 6138801.2415812
1.3950000 0.0001525 6542314.3357238
1.4000000 0.0001525 7719641.2527612
1.4050000 0.0001525 9183847.8823691
1.1000000 0.0001530 146187.5039270
1.1050000 0.0001530 129293.9248822
1.1100000 0.0001530 113072.8509984
1.1150000 0.0001530 100960.5388414
1.1200000 0.0001530 88048.8305400
1.1250000 0.0001530 74623.9259712
1.1300000 0.0001530 60106.7999646
1.1350000 0.0001530 44765.3783307
1.1400000 0.0001530 28930.2342262
1.1450000 0.0001530 12484.5618613
1.1500000 0.0001530 4760.5795505
1.1550000 0.0001530 22895.5884785
1.1600000 0.0001530 41882.2318593
1.1650000 0.0001530 61616.5926685
1.1700000 0.0001530 82183.3324733
1.1750000 0.0001530 103780.3839378
1.1800000 0.0001530 126793.8166288
1.1850000 0.0001530 150604.9634038
1.1900000 0.0001530 175272.7211914
1.1950000 0.0001530 201049.0934781
1.2000000 0.0001530 229706.0500925
1.2050000 0.0001530 263352.9830886
1.2100000 0.0001530 293701.8751888
1.2150000 0.0001530 322933.6240507
1.2200000 0.0001530 356599.5753439
1.2250000 0.0001530 400157.8477764
1.2300000 0.0001530 437137.8750422
1.2350000 0.0001530 477026.0917434
1.2400000 0.0001530 519227.7282435
1.2450000 0.0001530 567322.9496805
1.2500000 0.0001530 612753.7013167
1.2550000 0.0001530 670965.2934319
1.2600000 0.0001530 713280.2114032
1.2650000 0.0001530 784660.4704660
1.2700000 0.0001530 847644.0174599
1.2750000 0.0001530 910692.7101447
1.2800000 0.0001530 997716.2173156
1.2850000 0.0001530 1062498.2919508
1.2900000 0.0001530 1153993.5078522
1.2950000 0.0001530 1248964.5773548
1.3000000 0.0001530 1338704.5091370
1.3050000 0.0001530 1453017.4527332
1.3100000 0.0001530 1542615.1642712
1.3150000 0.0001530 1701732.0417363
1.3200000 0.0001530 1783206.9455953
1.3250000 0.0001530 1989236.4431245
1.3300000 0.0001530 2094459.4448946
1.3350000 0.0001530 2337985.8870922
1.3400000 0.0001530 2466370.8774217
1.3450000 0.0001530 2721893.6583912
1.3500000 0.0001530 2936526.4125389
1.3550000 0.0001530 3131015.3869621
1.3600000 0.0001530 3545448.0309980
1.3650000 0.0001530 3722712.0891988
1.3700000 0.0001530 4323259.7276744
1.3750000 0.0001530 4599939.1892629
1.3800000 0.0001530 4953322.3775248
1.3850000 0.0001530 5933669.2096865
1.3900000 0.0001530 6372576.4151775
1.3950000 0.0001530 7083012.9860360
1.4000000 0.0001530 8711122.3090535
1.4050000 0.0001530 9666278.1951648
1.1000000 0.0001535 134361.3753271
1.1050000 0.0001535 120110.5020839
1.1100000 0.0001535 107632.8391844
1.1150000 0.0001535 94619.6415578
1.1200000 0.0001535 81176.9472426
1.1250000 0.0001535 67251.8340801
1.1300000 0.0001535 52752.8262166
1.1350000 0.0001535 37320.2308677
1.1400000 0.0001535 20991.2136831
1.1450000 0.0001535 4026.2968271
1.1500000 0.0001535 13568.2447419
1.1550000 0.0001535 31990.9649699
1.1600000 0.0001535 51440.2459336
1.1650000 0.0001535 72091.9623257
1.1700000 0.0001535 93816.0875236
1.1750000 0.0001535 116308.7428876
1.1800000 0.0001535 135409.8122302
1.1850000 0.0001535 161549.3509783
1.1900000 0.0001535 190211.1386280
1.1950000 0.0001535 217907.0323643
1.2000000 0.0001535 247388.2170673
1.2050000 0.0001535 274074.7234945
1.2100000 0.0001535 312162.4735848
1.2150000 0.0001535 348013.2986366
1.2200000 0.0001535 375384.6731754
1.2250000 0.0001535 414787.0484177
1.2300000 0.0001535 452848.5475011
1.2350000 0.0001535 496398.4960314
1.2400000 0.0001535 540690.4476618
1.2450000 0.0001535 599954.4406266
1.2500000 0.0001535 642075.7251900
1.2550000 0.0001535 701055.4504221
1.2600000 0.0001535 755031.3104656
1.2650000 0.0001535 800769.2107339
1.2700000 0.0001535 884364.7516971
1.2750000 0.0001535 953951.9993039
1.2800000 0.0001535 1031522.0495789
1.2850000 0.0001535 1114721.8665171
1.2900000 0.0001535 1183871.6007071
1.2950000 0.0001535 1311272.5286873
1.3000000 0.0001535 1374478.6874917
1.3050000 0.0001535 1499719.9064981
1.3100000 0.0001535 1616052.5169070
1.3150000 0.0001535 1753695.9455992
1.3200000 0.0001535 1874713.8980208
1.3250000 0.0001535 2064821.5893643
1.3300000 0.0001535 2187517.9835108
1.3350000 0.0001535 2406616.4781998
1.3400000 0.0001535 2575513.3093056
1.3450000 0.0001535 2882676.0637871
1.3500000 0.0001535 3024115.5255750
1.3550000 0.0001535 3420788.6737842
1.3600000 0.0001535 3652950.6905667
1.3650000 0.0001535 4084867.6377780
1.3700000 0.0001535 4540479.5338505
1.3750000 0.0001535 4778950.0377368
1.3800000 0.0001535 5694591.2915200
1.3850000 0.0001535 6194654.8775558
1.3900000 0.0001535 6728441.0880449
1.3950000 0.0001535 8101382.2050837
1.4000000 0.0001535 9347970.4713918
1.4050000 0.0001535 10156739.9448547
1.1000000 0.0001540 134768.4215671
1.1050000 0.0001540 114211.7686452
1.1100000 0.0001540 102025.1481590
1.1150000 0.0001540 88942.8250209
1.1200000 0.0001540 74851.1396507
1.1250000 0.0001540 60116.5301235
1.1300000 0.0001540 44975.2923944
1.1350000 0.0001540 29320.7061068
1.1400000 0.0001540 12771.7775989
1.1450000 0.0001540 4626.3968178
1.1500000 0.0001540 22779.8057547
1.1550000 0.0001540 41728.4277241
1.1600000 0.0001540 61423.7530590
1.1650000 0.0001540 82111.9514605
1.1700000 0.0001540 104296.4628544
1.1750000 0.0001540 127741.2725663
1.1800000 0.0001540 150524.0556747
1.1850000 0.0001540 178402.8090190
1.1900000 0.0001540 194216.9104789
1.1950000 0.0001540 230552.6216011
1.2000000 0.0001540 265495.6691334
1.2050000 0.0001540 295385.4161503
1.2100000 0.0001540 320383.2906176
1.2150000 0.0001540 360480.0985481
1.2200000 0.0001540 402202.3868069
1.2250000 0.0001540 437077.7848496
1.2300000 0.0001540 481021.7828662
1.2350000 0.0001540 527778.2750132
1.2400000 0.0001540 565049.6915815
1.2450000 0.0001540 618873.0364649
1.2500000 0.0001540 679037.8052580
1.2550000 0.0001540 727546.4753596
1.2600000 0.0001540 795111.8779057
1.2650000 0.0001540 846698.6738367
1.2700000 0.0001540 919678.4731103
1.2750000 0.0001540 1010332.9566057
1.2800000 0.0001540 1068806.4758359
1.2850000 0.0001540 1166432.4094712
1.2900000 0.0001540 1235297.0302932
1.2950000 0.0001540 1350226.0202265
1.3000000 0.0001540 1438728.0860421
1.3050000 0.0001540 1548103.6121326
1.3100000 0.0001540 1721136.2180555
1.3150000 0.0001540 1788525.2708986
1.3200000 0.0001540 1989895.7714538
1.3250000 0.0001540 2110595.5235938
1.3300000 0.0001540 2358289.3168763
1.3350000 0.0001540 2494412.1767068
1.3400000 0.0001540 2662512.3438277
1.3450000 0.0001540 2950053.7186822
1.3500000 0.0001540 3274951.3985146
1.3550000 0.0001540 3569110.2330838
1.3600000 0.0001540 3801017.7896257
1.3650000 0.0001540 4413496.9631761
1.3700000 0.0001540 4693065.6691236
1.3750000 0.0001540 5259056.5414313
1.3800000 0.0001540 5979677.2924396
1.3850000 0.0001540 6436777.7126121
1.3900000 0.0001540 7343326.3734634
1.3950000 0.0001540 9029339.8570256
1.4000000 0.0001540 9832422.5181771
1.4050000 0.0001540 11026409.5894356
1.1000000 0.0001545 120006.3482746
1.1050000 0.0001545 107859.9356643
1.1100000 0.0001545 95199.1916573
1.1150000 0.0001545 82008.2758211
1.1200000 0.0001545 68104.4855472
1.1250000 0.0001545 53222.0518487
1.1300000 0.0001545 37510.4785393
1.1350000 0.0001545 21226.9086141
1.1400000 0.0001545 4294.8179209
1.1450000 0.0001545 13428.2385892
1.1500000 0.0001545 32054.1802660
1.1550000 0.0001545 51646.1106806
1.1600000 0.0001545 72330.5874448
1.1650000 0.0001545 93828.8131263
1.1700000 0.0001545 115931.6008796
1.1750000 0.0001545 131373.0551441
1.1800000 0.0001545 162362.7774135
1.1850000 0.0001545 190094.9282119
1.1900000 0.0001545 216732.5598253
1.1950000 0.0001545 245184.2648154
1.2000000 0.0001545 277305.6905328
1.2050000 0.0001545 310994.5782073
1.2100000 0.0001545 345891.2485052
1.2150000 0.0001545 378980.4951900
1.2200000 0.0001545 419307.1704283
1.2250000 0.0001545 455615.9929416
1.2300000 0.0001545 499121.9935398
1.2350000 0.0001545 546618.7023044
1.2400000 0.0001545 605052.1104055
1.2450000 0.0001545 633311.0882398
1.2500000 0.0001545 706429.0996879
1.2550000 0.0001545 759310.6467137
1.2600000 0.0001545 818850.6015389
1.2650000 0.0001545 893282.0323557
1.2700000 0.0001545 957002.5015133
1.2750000 0.0001545 1040354.7979984
1.2800000 0.0001545 1127003.1536599
1.2850000 0.0001545 1192807.6636978
1.2900000 0.0001545 1326170.1225121
1.2950000 0.0001545 1399587.0053009
1.3000000 0.0001545 1516751.5575436
1.3050000 0.0001545 1639806.8964003
1.3100000 0.0001545 1778962.0578746
1.3150000 0.0001545 1904413.4727331
1.3200000 0.0001545 2072806.1519874
1.3250000 0.0001545 2245014.4309295
1.3300000 0.0001545 2437983.2987745
1.3350000 0.0001545 2618026.4670528
1.3400000 0.0001545 2910554.3980258
1.3450000 0.0001545 3084916.6600605
1.3500000 0.0001545 3496014.6842914
1.3550000 0.0001545 3708279.9795904
1.3600000 0.0001545 4040330.9787529
1.3650000 0.0001545 4613016.8449470
1.3700000 0.0001545 4912049.2571190
1.3750000 0.0001545 5747754.2970053
1.3800000 0.0001545 6327385.9211015
1.3850000 0.0001545 6889178.2832975
1.3900000 0.0001545 8436186.4643483
1.3950000 0.0001545 9549729.8911018
1.4000000 0.0001545 10404108.6303459
1.4050000 0.0001545 13150849.8856178
1.1000000 0.0001550 117144.5880735
1.1050000 0.0001550 102211.3866062
1.1100000 0.0001550 89106.1143028
1.1150000 0.0001550 75006.0047236
1.1200000 0.0001550 60634.5541255
1.1250000 0.0001550 45696.5312337
1.1300000 0.0001550 29875.4966369
1.1350000 0.0001550 13159.8855665
1.1400000 0.0001550 4268.8616908
1.1450000 0.0001550 22373.5362566
1.1500000 0.0001550 41331.9943139
1.1550000 0.0001550 61247.0706346
1.1600000 0.0001550 82315.7776657
1.1650000 0.0001550 104908.3409775
1.1700000 0.0001550 128515.8055747
1.1750000 0.0001550 151402.3866836
1.1800000 0.0001550 176477.2515732
1.1850000 0.0001550 199448.2377679
1.1900000 0.0001550 231467.5944902
1.1950000 0.0001550 265093.6404760
1.2000000 0.0001550 292260.7265493
1.2050000 0.0001550 328017.7738987
1.2100000 0.0001550 361968.9196438
1.2150000 0.0001550 402781.2731532
1.2200000 0.0001550 438762.5531252
1.2250000 0.0001550 483700.8504883
1.2300000 0.0001550 526728.9342635
1.2350000 0.0001550 565538.9119476
1.2400000 0.0001550 620174.1867489
1.2450000 0.0001550 683093.9789859
1.2500000 0.0001550 729559.2803844
1.2550000 0.0001550 800055.0657889
1.2600000 0.0001550 864281.5545183
1.2650000 0.0001550 925807.1525878
1.2700000 0.0001550 1018086.8321610
1.2750000 0.0001550 1053714.5593506
1.2800000 0.0001550 1174039.2668494
1.2850000 0.0001550 1267715.7714164
1.2900000 0.0001550 1363415.2816002
1.2950000 0.0001550 1472310.8069489
1.3000000 0.0001550 1571026.8882933
1.3050000 0.0001550 1739266.7409205
1.3100000 0.0001550 1829727.3343909
1.3150000 0.0001550 2029309.3212112
1.3200000 0.0001550 2139807.8340389
1.3250000 0.0001550 2397924.4003098
1.3300000 0.0001550 2512825.0752404
1.3350000 0.0001550 2809220.4308793
1.3400000 0.0001550 2990659.7433812
1.3450000 0.0001550 3248028.0548227
1.3500000 0.0001550 3578927.2448580
1.3550000 0.0001550 3861693.1389324
1.3600000 0.0001550 4474198.7355984
1.3650000 0.0001550 4756353.7628909
1.3700000 0.0001550 5411230.3799093
1.3750000 0.0001550 6176812.2332368
1.3800000 0.0001550 6565032.3747970
1.3850000 0.0001550 7648828.0809382
1.3900000 0.0001550 9265840.6074758
1.3950000 0.0001550 9993613.1875899
1.4000000 0.0001550 11530702.5754756
1.4050000 0.0001550 16247578.5268244
1.1000000 0.0001555 109264.9078219
1.1050000 0.0001555 96457.8290185
1.1100000 0.0001555 83057.8781862
1.1150000 0.0001555 68589.3429839
1.1200000 0.0001555 53506.9160348
1.1250000 0.0001555 37921.6738901
1.1300000 0.0001555 21777.0981590
1.1350000 0.0001555 4780.8149094
1.1400000 0.0001555 13103.8377880
1.1450000 0.0001555 31840.9569476
1.1500000 0.0001555 51405.7530507
1.1550000 0.0001555 71868.6629437
1.1600000 0.0001555 93222.0476952
1.1650000 0.0001555 115508.0745659
1.1700000 0.0001555 134357.5335924
1.1750000 0.0001555 163645.1547514
1.1800000 0.0001555 193121.9117295
1.1850000 0.0001555 216273.6994294
1.1900000 0.0001555 246455.9371160
1.1950000 0.0001555 276474.9290806
1.2000000 0.0001555 313036.4552040
1.2050000 0.0001555 338333.2984446
1.2100000 0.0001555 381030.3212602
1.2150000 0.0001555 422488.0315804
1.2200000 0.0001555 464915.4893460
1.2250000 0.0001555 503759.2481900
1.2300000 0.0001555 554191.2213373
1.2350000 0.0001555 608309.5746584
1.2400000 0.0001555 645281.8216140
1.2450000 0.0001555 712481.9637862
1.2500000 0.0001555 734595.6771780
1.2550000 0.0001555 821855.9101238
1.2600000 0.0001555 908502.6053409
1.2650000 0.0001555 939798.2174996
1.2700000 0.0001555 1045050.9887073
1.2750000 0.0001555 1097327.4498417
1.2800000 0.0001555 1204898.9260193
1.2850000 0.0001555 1333262.9469350
1.2900000 0.0001555 1410067.8269563
1.2950000 0.0001555 1548568.2103779
1.3000000 0.0001555 1650885.2662969
1.3050000 0.0001555 1793351.3398548
1.3100000 0.0001555 1946914.9887998
1.3150000 0.0001555 2083476.6686560
1.3200000 0.0001555 2272178.6130440
1.3250000 0.0001555 2457613.1487195
1.3300000 0.0001555 2652589.6733282
1.3350000 0.0001555 2950591.2946479
1.3400000 0.0001555 3126609.7175505
1.3450000 0.0001555 3538493.0850590
1.3500000 0.0001555 3745420.2291847
1.3550000 0.0001555 4261820.7599251
1.3600000 0.0001555 4626859.8187684
1.3650000 0.0001555 4981945.1099134
1.3700000 0.0001555 5953592.0947932
1.3750000 0.0001555 6410002.6282273
1.3800000 0.0001555 7027529.6101881
1.3850000 0.0001555 8726548.3970467
1.3900000 0.0001555 9738519.9450795
1.3950000 0.0001555 10685315.4538520
1.4000000 0.0001555 14253353.4426521
1.4050000 0.0001555 18777295.5964173
1.1000000 0.0001560 102604.1786082
1.1050000 0.0001560 89626.5411823
1.1100000 0.0001560 76012.0179973
1.1150000 0.0001560 61724.3177821
1.1200000 0.0001560 46475.5742829
1.1250000 0.0001560 30374.2024061
1.1300000 0.0001560 13655.8232770
1.1350000 0.0001560 3733.6763554
1.1400000 0.0001560 21901.5920157
1.1450000 0.0001560 40998.3647298
1.1500000 0.0001560 61207.9635864
1.1550000 0.0001560 82563.6059556
1.1600000 0.0001560 105060.6373134
1.1650000 0.0001560 128128.8946178
1.1700000 0.0001560 149885.1477042
1.1750000 0.0001560 176363.9836934
1.1800000 0.0001560 200940.1238376
1.1850000 0.0001560 235976.8979718
1.1900000 0.0001560 265548.7756053
1.1950000 0.0001560 292821.7460096
1.2000000 0.0001560 330781.9188656
1.2050000 0.0001560 367640.3595226
1.2100000 0.0001560 390517.3595464
1.2150000 0.0001560 440257.3977904
1.2200000 0.0001560 489460.5061491
1.2250000 0.0001560 529464.6177018
1.2300000 0.0001560 573347.3789944
1.2350000 0.0001560 629482.0249868
1.2400000 0.0001560 676368.6515382
1.2450000 0.0001560 730340.4031707
1.2500000 0.0001560 805856.4491440
1.2550000 0.0001560 864314.5855110
1.2600000 0.0001560 933232.7155109
1.2650000 0.0001560 1010981.6975890
1.2700000 0.0001560 1086524.0481069
1.2750000 0.0001560 1188045.0517469
1.2800000 0.0001560 1247710.7324377
1.2850000 0.0001560 1369204.9817283
1.2900000 0.0001560 1498383.5579841
1.2950000 0.0001560 1585046.3870026
1.3000000 0.0001560 1727275.7685363
1.3050000 0.0001560 1844588.4062215
1.3100000 0.0001560 2051237.7000679
1.3150000 0.0001560 2164171.9058068
1.3200000 0.0001560 2422563.8138535
1.3250000 0.0001560 2543287.0667146
1.3300000 0.0001560 2854643.3190578
1.3350000 0.0001560 3005256.6867374
1.3400000 0.0001560 3276812.3064840
1.3450000 0.0001560 3641749.5887786
1.3500000 0.0001560 3961853.8510201
1.3550000 0.0001560 4509965.7977809
1.3600000 0.0001560 4762332.9993757
1.3650000 0.0001560 5536188.9469714
1.3700000 0.0001560 6218110.9980095
1.3750000 0.0001560 6715945.6802623
1.3800000 0.0001560 7988494.9302512
1.3850000 0.0001560 9405537.8887445
1.3900000 0.0001560 10215014.8722150
1.3950000 0.0001560 12143173.3502566
1.4000000 0.0001560 17124066.9218021
1.4050000 0.0001560 21018140.0681632
1.1000000 0.0001565 96824.9061735
1.1050000 0.0001565 83772.1975304
1.1100000 0.0001565 69022.8229604
1.1150000 0.0001565 54267.1177108
1.1200000 0.0001565 38856.4353273
1.1250000 0.0001565 22569.7973551
1.1300000 0.0001565 5435.4463815
1.1350000 0.0001565 12477.6225292
1.1400000 0.0001565 31168.4517998
1.1450000 0.0001565 50681.2016739
1.1500000 0.0001565 71043.7466186
1.1550000 0.0001565 92646.7289068
1.1600000 0.0001565 115566.4863141
1.1650000 0.0001565 132534.6328214
1.1700000 0.0001565 164299.9438769
1.1750000 0.0001565 190826.6942428
1.1800000 0.0001565 214456.2976211
1.1850000 0.0001565 245562.2978756
1.1900000 0.0001565 273643.7154216
1.1950000 0.0001565 310583.3703476
1.2000000 0.0001565 346672.7511613
1.2050000 0.0001565 384263.7070699
1.2100000 0.0001565 426415.4661991
1.2150000 0.0001565 456107.4999898
1.2200000 0.0001565 499749.3567762
1.2250000 0.0001565 558722.3289593
1.2300000 0.0001565 605895.2916589
1.2350000 0.0001565 651119.0478631
1.2400000 0.0001565 713378.9516423
1.2450000 0.0001565 753674.8596713
1.2500000 0.0001565 832255.7997507
1.2550000 0.0001565 912667.3839473
1.2600000 0.0001565 966310.5593888
1.2650000 0.0001565 1058678.9705506
1.2700000 0.0001565 1130257.6576194
1.2750000 0.0001565 1207074.6484314
1.2800000 0.0001565 1331532.7329643
1.2850000 0.0001565 1410852.7528363
1.2900000 0.0001565 1549993.0228844
1.2950000 0.0001565 1660848.2397628
1.3000000 0.0001565 1800527.2550261
1.3050000 0.0001565 1904572.3238167
1.3100000 0.0001565 2115914.4967640
1.3150000 0.0001565 2254323.5000931
1.3200000 0.0001565 2480154.8334561
1.3250000 0.0001565 2665761.8075828
1.3300000 0.0001565 2967521.1162248
1.3350000 0.0001565 3154175.3753803
1.3400000 0.0001565 3597797.2867215
1.3450000 0.0001565 3764206.1035145
1.3500000 0.0001565 4359505.8177577
1.3550000 0.0001565 4703237.4513912
1.3600000 0.0001565 5104975.9101334
1.3650000 0.0001565 6064393.8794465
1.3700000 0.0001565 6442902.4858837
1.3750000 0.0001565 7170331.6829171
1.3800000 0.0001565 8975101.6923737
1.3850000 0.0001565 9875259.9579671
1.3900000 0.0001565 11016844.0479464
1.3950000 0.0001565 15214794.2378229
1.4000000 0.0001565 19555705.6582636
1.4050000 0.0001565 23065452.6146666
1.1000000 0.0001570 91100.3070886
1.1050000 0.0001570 77230.9753571
1.1100000 0.0001570 62518.6313886
1.1150000 0.0001570 47074.5637263
1.1200000 0.0001570 31048.1940788
1.1250000 0.0001570 14408.0462326
1.1300000 0.0001570 3042.2817535
1.1350000 0.0001570 21384.9934758
1.1400000 0.0001570 40625.9422386
1.1450000 0.0001570 60912.1655641
1.1500000 0.0001570 82245.3885754
1.1550000 0.0001570 104303.5310660
1.1600000 0.0001570 126252.9160103
1.1650000 0.0001570 150640.4577070
1.1700000 0.0001570 175041.5611587
1.1750000 0.0001570 200748.9511618
1.1800000 0.0001570 233917.5149797
1.1850000 0.0001570 264692.5702355
1.1900000 0.0001570 294070.1085420
1.1950000 0.0001570 333246.6650425
1.2000000 0.0001570 361643.0439080
1.2050000 0.0001570 402616.1028652
1.2100000 0.0001570 436960.6895638
1.2150000 0.0001570 492189.6919454
1.2200000 0.0001570 524461.4241845
1.2250000 0.0001570 574024.6591633
1.2300000 0.0001570 636996.5487058
1.2350000 0.0001570 685042.3406121
1.2400000 0.0001570 735562.3451260
1.2450000 0.0001570 812234.1954652
1.2500000 0.0001570 867359.0578090
1.2550000 0.0001570 940960.6330134
1.2600000 0.0001570 1031411.4372274
1.2650000 0.0001570 1085236.2267697
1.2700000 0.0001570 1190456.6467858
1.2750000 0.0001570 1279717.4202271
1.2800000 0.0001570 1384308.9324510
1.2850000 0.0001570 1492428.3008050
1.2900000 0.0001570 1599306.0427133
1.2950000 0.0001570 1772876.8167967
1.3000000 0.0001570 1864134.0146155
1.3050000 0.0001570 2079821.0310359
1.3100000 0.0001570 2183868.6075352
1.3150000 0.0001570 2441215.7337752
1.3200000 0.0001570 2568241.6342356
1.3250000 0.0001570 2894763.1656803
1.3300000 0.0001570 3060737.0641049
1.3350000 0.0001570 3447275.0235073
1.3400000 0.0001570 3714110.4771079
1.3450000 0.0001570 4041991.2245570
1.3500000 0.0001570 4593966.4686270
1.3550000 0.0001570 4860189.4592269
1.3600000 0.0001570 5763628.8782235
1.3650000 0.0001570 6350950.5276081
1.3700000 0.0001570 6785415.1183599
1.3750000 0.0001570 8363392.3643742
1.3800000 0.0001570 9527667.1032559
1.3850000 0.0001570 10428518.9711519
1.3900000 0.0001570 12902893.3069366
1.3950000 0.0001570 17928393.1033578
1.4000000 0.0001570 21735383.9984918
1.4050000 0.0001570 24968802.5970522
1.1000000 0.0001575 84224.6647671
1.1050000 0.0001575 70287.7204144
1.1100000 0.0001575 55573.0004834
1.1150000 0.0001575 39900.4031604
1.1200000 0.0001575 23380.3205563
1.1250000 0.0001575 6226.2837335
1.1300000 0.0001575 11617.4491553
1.1350000 0.0001575 30270.1815572
1.1400000 0.0001575 49883.7739324
1.1450000 0.0001575 70489.6246243
1.1500000 0.0001575 92443.8678889
1.1550000 0.0001575 115761.4515532
1.1600000 0.0001575 136637.5071450
1.1650000 0.0001575 163793.3842916
1.1700000 0.0001575 188729.7974822
1.1750000 0.0001575 216446.0281532
1.1800000 0.0001575 245467.8006364
1.1850000 0.0001575 278536.9684574
1.1900000 0.0001575 314480.4384173
1.1950000 0.0001575 347776.6576499
1.2000000 0.0001575 387288.9942246
1.2050000 0.0001575 427219.4433630
1.2100000 0.0001575 463893.4768220
1.2150000 0.0001575 507347.3397283
1.2200000 0.0001575 562580.9338697
1.2250000 0.0001575 607046.5020974
1.2300000 0.0001575 656670.4562470
1.2350000 0.0001575 723138.9921948
1.2400000 0.0001575 766036.1813812
1.2450000 0.0001575 828630.7351700
1.2500000 0.0001575 916318.0303172
1.2550000 0.0001575 972976.9630542
1.2600000 0.0001575 1065376.5062802
1.2650000 0.0001575 1102711.3577264
1.2700000 0.0001575 1227734.5462144
1.2750000 0.0001575 1352798.2059247
1.2800000 0.0001575 1411624.5544177
1.2850000 0.0001575 1571188.0468378
1.2900000 0.0001575 1665498.0312975
1.2950000 0.0001575 1827804.5251926
1.3000000 0.0001575 1917127.8245394
1.3050000 0.0001575 2109872.5984561
1.3100000 0.0001575 2318750.0759300
1.3150000 0.0001575 2512378.4169671
1.3200000 0.0001575 2690212.5504841
1.3250000 0.0001575 2994012.4747883
1.3300000 0.0001575 3199829.5632381
1.3350000 0.0001575 3591206.0704478
1.3400000 0.0001575 3805319.2827085
1.3450000 0.0001575 4442509.3714024
1.3500000 0.0001575 4751014.2585526
1.3550000 0.0001575 5266593.4146387
1.3600000 0.0001575 6146627.4902777
1.3650000 0.0001575 6593324.4420204
1.3700000 0.0001575 7626795.5471483
1.3750000 0.0001575 9186889.8628788
1.3800000 0.0001575 10064523.2812104
1.3850000 0.0001575 11406403.8966048
1.3900000 0.0001575 16072815.4361551
1.3950000 0.0001575 20280890.1752198
1.4000000 0.0001575 23739306.0926974
1.4050000 0.0001575 26758683.3134163
1.1000000 0.0001580 77867.3386736
1.1050000 0.0001580 63221.5482893
1.1100000 0.0001580 48051.9445064
1.1150000 0.0001580 32184.6388290
1.1200000 0.0001580 15427.6599614
1.1250000 0.0001580 2154.2108487
1.1300000 0.0001580 20572.4453305
1.1350000 0.0001580 39828.3657823
1.1400000 0.0001580 59942.4289085
1.1450000 0.0001580 81089.8011217
1.1500000 0.0001580 103052.1124952
1.1550000 0.0001580 126392.0253489
1.1600000 0.0001580 151137.5619719
1.1650000 0.0001580 175728.7210291
1.1700000 0.0001580 200332.7806974
1.1750000 0.0001580 234154.9479213
1.1800000 0.0001580 263600.7027324
1.1850000 0.0001580 294418.0099106
1.1900000 0.0001580 334529.2692057
1.1950000 0.0001580 366157.9370964
1.2000000 0.0001580 395806.0082134
1.2050000 0.0001580 445905.4425745
1.2100000 0.0001580 493748.8997829
1.2150000 0.0001580 524958.4271365
1.2200000 0.0001580 565644.4754992
1.2250000 0.0001580 637701.8728377
1.2300000 0.0001580 674187.3268691
1.2350000 0.0001580 740568.9004827
1.2400000 0.0001580 817278.9757070
1.2450000 0.0001580 863864.4198147
1.2500000 0.0001580 948007.3038491
1.2550000 0.0001580 1032145.5375169
1.2600000 0.0001580 1086909.0052948
1.2650000 0.0001580 1190747.5676241
1.2700000 0.0001580 1286679.9685255
1.2750000 0.0001580 1393421.7981634
1.2800000 0.0001580 1515752.8373301
1.2850000 0.0001580 1611013.4927473
1.2900000 0.0001580 1771034.7804230
1.2950000 0.0001580 1857315.6980972
1.3000000 0.0001580 2095635.4054322
1.3050000 0.0001580 2192944.7883860
1.3100000 0.0001580 2408060.1207686
1.3150000 0.0001580 2587335.6073324
1.3200000 0.0001580 2909736.9426821
1.3250000 0.0001580 3086227.7857293
1.3300000 0.0001580 3463663.2940315
1.3350000 0.0001580 3745525.5132984
1.3400000 0.0001580 3986543.0383188
1.3450000 0.0001580 4668877.8300333
1.3500000 0.0001580 4971416.7135122
1.3550000 0.0001580 5779966.0781414
1.3600000 0.0001580 6380346.2729449
1.3650000 0.0001580 6933261.5718632
1.3700000 0.0001580 8721136.9013997
1.3750000 0.0001580 9731634.0773661
1.3800000 0.0001580 10645766.8501357
1.3850000 0.0001580 13830580.2534895
1.3900000 0.0001580 18670197.4695003
1.3950000 0.0001580 22408770.3632168
1.4000000 0.0001580 25609729.4241104
1.4050000 0.0001580 28455708.8525847
1.1000000 0.0001585 71670.9277546
1.1050000 0.0001585 56551.0674860
1.1100000 0.0001585 40743.6431372
1.1150000 0.0001585 24320.3181065
1.1200000 0.0001585 7217.1718111
1.1250000 0.0001585 10671.7789179
1.1300000 0.0001585 29441.2856421
1.1350000 0.0001585 49216.9993295
1.1400000 0.0001585 70115.3488993
1.1450000 0.0001585 92110.2645801
1.1500000 0.0001585 115168.8323758
1.1550000 0.0001585 133144.4454508
1.1600000 0.0001585 161177.3982065
1.1650000 0.0001585 188266.4366028
1.1700000 0.0001585 216635.7962083
1.1750000 0.0001585 249732.5186791
1.1800000 0.0001585 277124.9981560
1.1850000 0.0001585 313693.7061073
1.1900000 0.0001585 349176.8705223
1.1950000 0.0001585 387642.0606126
1.2000000 0.0001585 424938.9731920
1.2050000 0.0001585 465615.3930856
1.2100000 0.0001585 503476.8487159
1.2150000 0.0001585 562869.8046016
1.2200000 0.0001585 606838.8319972
1.2250000 0.0001585 659168.5556523
1.2300000 0.0001585 725718.7428426
1.2350000 0.0001585 764326.2865566
1.2400000 0.0001585 831496.4768488
1.2450000 0.0001585 916253.1835604
1.2500000 0.0001585 965874.5455571
1.2550000 0.0001585 1066739.4884563
1.2600000 0.0001585 1153764.3680720
1.2650000 0.0001585 1232572.8994343
1.2700000 0.0001585 1359878.6502082
1.2750000 0.0001585 1426730.0135685
1.2800000 0.0001585 1579342.7344039
1.2850000 0.0001585 1682688.6464061
1.2900000 0.0001585 1808066.0554885
1.2950000 0.0001585 1995687.1818578
1.3000000 0.0001585 2137950.0017551
1.3050000 0.0001585 2353255.9200045
1.3100000 0.0001585 2535714.7657084
1.3150000 0.0001585 2737536.6878600
1.3200000 0.0001585 2985615.7241133
1.3250000 0.0001585 3190519.3279854
1.3300000 0.0001585 3643776.6935073
1.3350000 0.0001585 3864523.9033692
1.3400000 0.0001585 4482540.4231989
1.3450000 0.0001585 4808460.2947205
1.3500000 0.0001585 5190218.9916493
1.3550000 0.0001585 6258477.1905798
1.3600000 0.0001585 6626333.1763265
1.3650000 0.0001585 7938321.6116797
1.3700000 0.0001585 9367824.6326732
1.3750000 0.0001585 10188928.1684953
1.3800000 0.0001585 11854957.5453707
1.3850000 0.0001585 16849611.9134366
1.3900000 0.0001585 20957418.8863948
1.3950000 0.0001585 24375106.0418236
1.4000000 0.0001585 27373544.8602255
1.4050000 0.0001585 30074701.2135942
1.1000000 0.0001590 64667.8560148
1.1050000 0.0001590 49504.4028834
1.1100000 0.0001590 33437.6133804
1.1150000 0.0001590 16527.8773954
1.1200000 0.0001590 1060.1534195
1.1250000 0.0001590 19387.2180013
1.1300000 0.0001590 38582.6332304
1.1350000 0.0001590 58625.6376539
1.1400000 0.0001590 79784.2164693
1.1450000 0.0001590 102229.3762395
1.1500000 0.0001590 126042.9950317
1.1550000 0.0001590 151575.9374883
1.1600000 0.0001590 177968.7432714
1.1650000 0.0001590 199378.4861158
1.1700000 0.0001590 232358.8746547
1.1750000 0.0001590 264529.9710949
1.1800000 0.0001590 297693.9832874
1.1850000 0.0001590 334089.4177766
1.1900000 0.0001590 362367.9219920
1.1950000 0.0001590 403238.2300786
1.2000000 0.0001590 448034.9088165
1.2050000 0.0001590 491663.4331054
1.2100000 0.0001590 528062.1541242
1.2150000 0.0001590 578984.9612440
1.2200000 0.0001590 638168.7195951
1.2250000 0.0001590 686727.7717658
1.2300000 0.0001590 748851.0317627
1.2350000 0.0001590 814324.5221262
1.2400000 0.0001590 872480.0819170
1.2450000 0.0001590 950980.0503194
1.2500000 0.0001590 1032282.7869486
1.2550000 0.0001590 1093512.5727489
1.2600000 0.0001590 1198060.1422744
1.2650000 0.0001590 1287939.1502181
1.2700000 0.0001590 1405405.8394245
1.2750000 0.0001590 1516642.5499873
1.2800000 0.0001590 1616767.8986322
1.2850000 0.0001590 1790491.9854844
1.2900000 0.0001590 1893522.7138423
1.2950000 0.0001590 2109115.1635832
1.3000000 0.0001590 2217384.0919999
1.3050000 0.0001590 2477830.7454195
1.3100000 0.0001590 2612811.5802404
1.3150000 0.0001590 2958327.4808858
1.3200000 0.0001590 3105693.2269145
1.3250000 0.0001590 3550788.0027401
1.3300000 0.0001590 3768337.3662606
1.3350000 0.0001590 4057077.9748062
1.3400000 0.0001590 4683204.0669539
1.3450000 0.0001590 4954342.5092458
1.3500000 0.0001590 5977936.9134237
1.3550000 0.0001590 6500390.8283891
1.3600000 0.0001590 7141979.7285012
1.3650000 0.0001590 8940979.8566158
1.3700000 0.0001590 9900174.8872353
1.3750000 0.0001590 10882421.0005220
1.3800000 0.0001590 14703313.5098141
1.3850000 0.0001590 19356197.7589992
1.3900000 0.0001590 23041044.3558779
1.3950000 0.0001590 26216631.9000635
1.4000000 0.0001590 29049324.6188873
1.4050000 0.0001590 31626795.9436075
1.1000000 0.0001595 57452.8571470
1.1050000 0.0001595 41911.8978377
1.1100000 0.0001595 25644.8530558
1.1150000 0.0001595 8452.4781354
1.1200000 0.0001595 9577.4226335
1.1250000 0.0001595 28471.9179105
1.1300000 0.0001595 48265.5201190
1.1350000 0.0001595 69165.8854401
1.1400000 0.0001595 90939.4156268
1.1450000 0.0001595 114302.7387616
1.1500000 0.0001595 133027.5331367
1.1550000 0.0001595 159357.0013329
1.1600000 0.0001595 188427.7597647
1.1650000 0.0001595 218795.1205070
1.1700000 0.0001595 249013.7826626
1.1750000 0.0001595 278182.8078011
1.1800000 0.0001595 312118.4081247
1.1850000 0.0001595 350389.7936483
1.1900000 0.0001595 387092.3376457
1.1950000 0.0001595 422990.7695043
1.2000000 0.0001595 464968.7359952
1.2050000 0.0001595 512138.1100350
1.2100000 0.0001595 560556.2994788
1.2150000 0.0001595 603648.7382818
1.2200000 0.0001595 658293.3475940
1.2250000 0.0001595 725349.8578374
1.2300000 0.0001595 764685.4608958
1.2350000 0.0001595 843566.0537244
1.2400000 0.0001595 909096.5095172
1.2450000 0.0001595 973424.4424924
1.2500000 0.0001595 1078404.3629839
1.2550000 0.0001595 1151772.1238236
1.2600000 0.0001595 1239748.2532054
1.2650000 0.0001595 1371653.8065830
1.2700000 0.0001595 1422443.7893431
1.2750000 0.0001595 1573051.1232729
1.2800000 0.0001595 1692579.1161334
1.2850000 0.0001595 1848246.2388147
1.2900000 0.0001595 1992184.2940475
1.2950000 0.0001595 2162551.2542282
1.3000000 0.0001595 2354723.6861333
1.3050000 0.0001595 2560909.1566486
1.3100000 0.0001595 2693514.8274697
1.3150000 0.0001595 3043747.0739093
1.3200000 0.0001595 3191309.8236540
1.3250000 0.0001595 3696094.4742799
1.3300000 0.0001595 3915851.7767890
1.3350000 0.0001595 4524896.2223603
1.3400000 0.0001595 4803979.7440611
1.3450000 0.0001595 5455863.9705401
1.3500000 0.0001595 6243189.8823910
1.3550000 0.0001595 6775966.0158253
1.3600000 0.0001595 8070482.8442216
1.3650000 0.0001595 9522958.5200790
1.3700000 0.0001595 10380812.6329790
1.3750000 0.0001595 12368110.2537555
1.3800000 0.0001595 17557846.6478013
1.3850000 0.0001595 21588798.8504661
1.3900000 0.0001595 24974692.1009488
1.3950000 0.0001595 27957380.6186226
1.4000000 0.0001595 30650623.3391501
1.4050000 0.0001595 33120639.8205963
1.1000000 0.0001600 50672.9181871
1.1050000 0.0001600 34517.5082067
1.1100000 0.0001600 17732.9110976
1.1150000 0.0001600 205.0152410
1.1200000 0.0001600 18111.0038270
1.1250000 0.0001600 37345.8232164
1.1300000 0.0001600 57596.4255471
1.1350000 0.0001600 78953.1886083
1.1400000 0.0001600 101744.3138701
1.1450000 0.0001600 125641.2162397
1.1500000 0.0001600 150783.4208431
1.1550000 0.0001600 175559.3750704
1.1600000 0.0001600 195824.4720129
1.1650000 0.0001600 230095.9186075
1.1700000 0.0001600 265295.1885920
1.1750000 0.0001600 297175.7544670
1.1800000 0.0001600 331827.2525558
1.1850000 0.0001600 364967.3980841
1.1900000 0.0001600 403224.0782132
1.1950000 0.0001600 448505.4446556
1.2000000 0.0001600 480937.5107308
1.2050000 0.0001600 532528.3730086
1.2100000 0.0001600 583379.7552451
1.2150000 0.0001600 619927.7080994
1.2200000 0.0001600 682694.0143136
1.2250000 0.0001600 751083.5282259
1.2300000 0.0001600 818267.5928716
1.2350000 0.0001600 870455.9576551
1.2400000 0.0001600 953609.9734082
1.2450000 0.0001600 1036831.6241999
1.2500000 0.0001600 1101975.9695837
1.2550000 0.0001600 1193451.9229915
1.2600000 0.0001600 1280409.8195972
1.2650000 0.0001600 1403859.9038692
1.2700000 0.0001600 1477565.9012484
1.2750000 0.0001600 1626770.3561100
1.2800000 0.0001600 1792080.0693716
1.2850000 0.0001600 1901697.5465824
1.2900000 0.0001600 2060326.8733093
1.2950000 0.0001600 2213958.2764925
1.3000000 0.0001600 2462444.3733126
1.3050000 0.0001600 2636369.1449941
1.3100000 0.0001600 2978384.6331097
1.3150000 0.0001600 3152334.9721980
1.3200000 0.0001600 3572597.6040650
1.3250000 0.0001600 3776948.5347110
1.3300000 0.0001600 4273367.5691563
1.3350000 0.0001600 4727680.8161908
1.3400000 0.0001600 5070059.2384010
1.3450000 0.0001600 6076365.7873630
1.3500000 0.0001600 6515700.4906245
1.3550000 0.0001600 7164972.9614796
1.3600000 0.0001600 9097774.0860982
1.3650000 0.0001600 10041076.7718797
1.3700000 0.0001600 11159417.7563573
1.3750000 0.0001600 15469152.0671182
1.3800000 0.0001600 19991296.0271880
1.3850000 0.0001600 23634396.9709284
1.3900000 0.0001600 26790821.5527079
1.3950000 0.0001600 29614253.9215031
1.4000000 0.0001600 32187737.7314319
1.4050000 0.0001600 34563122.7415763
