1.000000 1.000000 539254035816.950012
1.010204 1.000000 539222931184.762756
1.020408 1.000000 539191931871.476318
1.030612 1.000000 539161033764.408752
1.040816 1.000000 539130232908.775513
1.051020 1.000000 539099525500.361450
1.061224 1.000000 539068907878.598083
1.071429 1.000000 539038376520.019775
1.081633 1.000000 539007928032.072754
1.091837 1.000000 538977559147.258179
1.102041 1.000000 538947266717.585144
1.112245 1.000000 538917047709.317139
1.122449 1.000000 538886899197.992371
1.132653 1.000000 538856818363.701599
1.142857 1.000000 538826802486.608948
1.153061 1.000000 538796848942.700073
1.163265 1.000000 538766955199.745361
1.173469 1.000000 538737118813.464050
1.183673 1.000000 538707337423.879700
1.193878 1.000000 538677608751.853638
1.204082 1.000000 538647930595.788635
1.214286 1.000000 538618300828.491516
1.224490 1.000000 538588717394.185852
1.234694 1.000000 538559178305.667358
1.244898 1.000000 538529681641.593811
1.255102 1.000000 538500225543.901001
1.265306 1.000000 538470808215.339661
1.275510 1.000000 538441427917.125122
1.285714 1.000000 538412082966.695618
1.295918 1.000000 538382771735.570984
1.306122 1.000000 538353492647.309143
1.316327 1.000000 538324244175.552979
1.326531 1.000000 538295024842.164612
1.336735 1.000000 538265833215.441101
1.346939 1.000000 538236667908.408875
1.357143 1.000000 538207527577.192566
1.367347 1.000000 538178410919.452393
1.377551 1.000000 538149316672.890625
1.387755 1.000000 538120243613.819763
1.397959 1.000000 538091190555.792114
1.408163 1.000000 538062156348.286499
1.418367 1.000000 538033139875.449890
1.428571 1.000000 538004140054.889954
1.438776 1.000000 537975155836.518494
1.448980 1.000000 537946186201.441711
1.459184 1.000000 537917230160.894775
1.469388 1.000000 537888286755.219177
1.479592 1.000000 537859355052.882751
1.489796 1.000000 537830434149.535706
1.500000 1.000000 537801523167.106567
1.000000 1.010204 539238587958.837952
1.010204 1.010204 539207378081.963745
1.020408 1.010204 539176272494.182739
1.030612 1.010204 539145267101.591980
1.040816 1.010204 539114357967.575684
1.051020 1.010204 539083541305.503601
1.061224 1.010204 539052813471.833984
1.071429 1.010204 539022170959.592590
1.081633 1.010204 538991610392.206543
1.091837 1.010204 538961128517.666748
1.102041 1.010204 538930722203.002808
1.112245 1.010204 538900388429.047607
1.122449 1.010204 538870124285.477112
1.132653 1.010204 538839926966.105164
1.142857 1.010204 538809793764.421326
1.153061 1.010204 538779722069.353699
1.163265 1.010204 538749709361.248413
1.173469 1.010204 538719753208.047607
1.183673 1.010204 538689851261.657593
1.193878 1.010204 538660001254.497131
1.204082 1.010204 538630200996.211548
1.214286 1.010204 538600448370.548096
1.224490 1.010204 538570741332.379822
1.234694 1.010204 538541077904.871582
1.244898 1.010204 538511456176.779663
1.255102 1.010204 538481874299.878601
1.265306 1.010204 538452330486.505981
1.275510 1.010204 538422823007.222778
1.285714 1.010204 538393350188.578247
1.295918 1.010204 538363910410.978333
1.306122 1.010204 538334502106.648926
1.316327 1.010204 538305123757.690796
1.326531 1.010204 538275773894.220581
1.336735 1.010204 538246451092.594055
1.346939 1.010204 538217153973.705933
1.357143 1.010204 538187881201.366150
1.367347 1.010204 538158631480.742737
1.377551 1.010204 538129403556.873474
1.387755 1.010204 538100196213.241089
1.397959 1.010204 538071008270.406799
1.408163 1.010204 538041838584.703125
1.418367 1.010204 538012686046.978821
1.428571 1.010204 537983549581.398438
1.438776 1.010204 537954428144.288574
1.448980 1.010204 537925320723.033081
1.459184 1.010204 537896226335.011353
1.469388 1.010204 537867144026.581055
1.479592 1.010204 537838072872.099731
1.489796 1.010204 537809011972.987244
1.500000 1.010204 537779960456.822998
1.000000 1.020408 539223397475.160156
1.010204 1.020408 539192081315.973328
1.020408 1.020408 539160868443.165955
1.030612 1.020408 539129754780.930237
1.040816 1.020408 539098736410.158569
1.051020 1.020408 539067809561.169434
1.061224 1.020408 539036970606.833069
1.071429 1.020408 539006216056.074951
1.081633 1.020408 538975542547.729553
1.091837 1.020408 538944946844.725464
1.102041 1.020408 538914425828.578064
1.112245 1.020408 538883976494.174194
1.122449 1.020408 538853595944.828064
1.132653 1.020408 538823281387.594360
1.142857 1.020408 538793030128.820374
1.153061 1.020408 538762839569.925659
1.163265 1.020408 538732707203.394165
1.173469 1.020408 538702630608.967224
1.183673 1.020408 538672607450.024658
1.193878 1.020408 538642635470.144409
1.204082 1.020408 538612712489.829407
1.214286 1.020408 538582836403.394348
1.224490 1.020408 538553005175.999390
1.234694 1.020408 538523216840.827576
1.244898 1.020408 538493469496.393127
1.255102 1.020408 538463761303.978577
1.265306 1.020408 538434090485.188232
1.275510 1.020408 538404455319.616394
1.285714 1.020408 538374854142.621338
1.295918 1.020408 538345285343.200989
1.306122 1.020408 538315747361.964111
1.316327 1.020408 538286238689.191772
1.326531 1.020408 538256757862.985779
1.336735 1.020408 538227303467.497681
1.346939 1.020408 538197874131.236755
1.357143 1.020408 538168468525.449341
1.367347 1.020408 538139085362.570007
1.377551 1.020408 538109723394.737976
1.387755 1.020408 538080381412.377258
1.397959 1.020408 538051058242.835754
1.408163 1.020408 538021752749.082397
1.418367 1.020408 537992463828.457886
1.428571 1.020408 537963190411.477661
1.438776 1.020408 537933931460.682922
1.448980 1.020408 537904685969.539917
1.459184 1.020408 537875452961.382812
1.469388 1.020408 537846231488.399353
1.479592 1.020408 537817020630.657104
1.489796 1.020408 537787819495.168396
1.500000 1.020408 537758627214.992249
1.000000 1.030612 539208456214.152527
1.010204 1.030612 539177032781.081482
1.020408 1.030612 539145711657.869812
1.030612 1.030612 539114488786.143250
1.040816 1.030612 539083360263.665833
1.051020 1.030612 539052322337.089539
1.061224 1.030612 539021371395.103699
1.071429 1.030612 538990503961.960938
1.081633 1.030612 538959716691.350769
1.091837 1.030612 538929006360.604980
1.102041 1.030612 538898369865.209351
1.112245 1.030612 538867804213.605713
1.122449 1.030612 538837306522.265320
1.132653 1.030612 538806874011.016846
1.142857 1.030612 538776503998.614685
1.153061 1.030612 538746193898.533203
1.163265 1.030612 538715941214.972351
1.173469 1.030612 538685743539.063293
1.183673 1.030612 538655598545.262939
1.193878 1.030612 538625503987.924744
1.204082 1.030612 538595457698.037659
1.214286 1.030612 538565457580.122620
1.224490 1.030612 538535501609.278015
1.234694 1.030612 538505587828.365173
1.244898 1.030612 538475714345.328125
1.255102 1.030612 538445879330.637695
1.265306 1.030612 538416081014.854797
1.275510 1.030612 538386317686.306580
1.285714 1.030612 538356587688.868225
1.295918 1.030612 538326889419.845886
1.306122 1.030612 538297221327.955383
1.316327 1.030612 538267581911.390076
1.326531 1.030612 538237969715.976501
1.336735 1.030612 538208383333.409241
1.346939 1.030612 538178821399.564758
1.357143 1.030612 538149282592.887207
1.367347 1.030612 538119765632.844543
1.377551 1.030612 538090269278.450684
1.387755 1.030612 538060792326.849731
1.397959 1.030612 538031333611.961914
1.408163 1.030612 538001892003.183533
1.418367 1.030612 537972466404.143005
1.428571 1.030612 537943055751.508240
1.438776 1.030612 537913659013.841980
1.448980 1.030612 537884275190.504700
1.459184 1.030612 537854903310.601013
1.469388 1.030612 537825542431.969971
1.479592 1.030612 537796191640.214600
1.489796 1.030612 537766850047.769592
1.500000 1.030612 537737516793.007385
1.000000 1.040816 539193756365.956055
1.010204 1.040816 539162224711.369324
1.020408 1.040816 539130794415.453430
1.030612 1.040816 539099461436.629028
1.040816 1.040816 539068221888.915649
1.051020 1.040816 539037072034.705322
1.061224 1.040816 539006008277.933899
1.071429 1.040816 538975027157.627258
1.081633 1.040816 538944125341.796448
1.091837 1.040816 538913299621.660950
1.102041 1.040816 538882546906.178467
1.112245 1.040816 538851864216.864319
1.122449 1.040816 538821248682.880859
1.132653 1.040816 538790697536.380493
1.142857 1.040816 538760208108.089478
1.153061 1.040816 538729777823.115173
1.163265 1.040816 538699404196.965210
1.173469 1.040816 538669084831.765869
1.183673 1.040816 538638817412.668152
1.193878 1.040816 538608599704.430176
1.204082 1.040816 538578429548.167664
1.214286 1.040816 538548304858.259644
1.224490 1.040816 538518223619.404297
1.234694 1.040816 538488183883.814453
1.244898 1.040816 538458183768.545532
1.255102 1.040816 538428221452.948242
1.265306 1.040816 538398295176.241211
1.275510 1.040816 538368403235.193359
1.285714 1.040816 538338543981.914551
1.295918 1.040816 538308715821.745178
1.306122 1.040816 538278917211.241089
1.316327 1.040816 538249146656.250000
1.326531 1.040816 538219402710.070984
1.336735 1.040816 538189683971.696838
1.346939 1.040816 538159989084.133667
1.357143 1.040816 538130316732.791931
1.367347 1.040816 538100665643.947693
1.377551 1.040816 538071034583.270203
1.387755 1.040816 538041422354.411316
1.397959 1.040816 538011827797.654846
1.408163 1.040816 537982249788.622681
1.418367 1.040816 537952687237.034607
1.428571 1.040816 537923139085.518677
1.438776 1.040816 537893604308.472473
1.448980 1.040816 537864081910.968262
1.459184 1.040816 537834570927.704346
1.469388 1.040816 537805070421.998047
1.479592 1.040816 537775579484.818481
1.489796 1.040816 537746097233.859070
1.500000 1.040816 537716622812.644592
1.000000 1.051020 539179290445.008789
1.010204 1.051020 539147649663.215088
1.020408 1.051020 539116109313.408875
1.030612 1.051020 539084665370.189148
1.040816 1.051020 539053313963.236328
1.051020 1.051020 539022051370.108032
1.061224 1.051020 538990874009.433228
1.071429 1.051020 538959778434.476746
1.081633 1.051020 538928761327.055298
1.091837 1.051020 538897819491.777283
1.102041 1.051020 538866949850.591187
1.112245 1.051020 538836149437.620178
1.122449 1.051020 538805415394.267700
1.132653 1.051020 538774744964.575134
1.142857 1.051020 538744135490.819153
1.153061 1.051020 538713584409.332825
1.163265 1.051020 538683089246.537231
1.173469 1.051020 538652647615.171570
1.183673 1.051020 538622257210.711121
1.193878 1.051020 538591915807.960938
1.204082 1.051020 538561621257.815491
1.214286 1.051020 538531371484.175171
1.224490 1.051020 538501164481.012207
1.234694 1.051020 538470998309.573792
1.244898 1.051020 538440871095.719360
1.255102 1.051020 538410781027.382324
1.265306 1.051020 538380726352.148621
1.275510 1.051020 538350705374.948486
1.285714 1.051020 538320716455.853882
1.295918 1.051020 538290758007.973938
1.306122 1.051020 538260828495.447815
1.316327 1.051020 538230926431.526245
1.326531 1.051020 538201050376.738281
1.336735 1.051020 538171198937.138794
1.346939 1.051020 538141370762.633240
1.357143 1.051020 538111564545.374268
1.367347 1.051020 538081779018.228943
1.377551 1.051020 538052012953.309814
1.387755 1.051020 538022265160.570251
1.397959 1.051020 537992534486.457581
1.408163 1.051020 537962819812.623474
1.418367 1.051020 537933120054.688354
1.428571 1.051020 537903434161.056030
1.438776 1.051020 537873761111.777466
1.448980 1.051020 537844099917.461304
1.459184 1.051020 537814449618.227539
1.469388 1.051020 537784809282.704468
1.479592 1.051020 537755178007.065002
1.489796 1.051020 537725554914.101257
1.500000 1.051020 537695939152.336487
1.000000 1.061224 539165051273.508362
1.010204 1.061224 539133300498.861267
1.020408 1.061224 539101649253.233032
1.030612 1.061224 539070093526.804382
1.040816 1.061224 539038629464.341309
1.051020 1.061224 539007253358.012878
1.061224 1.061224 538975961640.605164
1.071429 1.061224 538944750879.106262
1.081633 1.061224 538913617768.639099
1.091837 1.061224 538882559126.719666
1.102041 1.061224 538851571887.821472
1.112245 1.061224 538820653098.225891
1.122449 1.061224 538789799911.142151
1.132653 1.061224 538759009582.080261
1.142857 1.061224 538728279464.460327
1.153061 1.061224 538697607005.447266
1.163265 1.061224 538666989741.994019
1.173469 1.061224 538636425297.083801
1.183673 1.061224 538605911376.159119
1.193878 1.061224 538575445763.724426
1.204082 1.061224 538545026320.117920
1.214286 1.061224 538514650978.436218
1.224490 1.061224 538484317741.609009
1.234694 1.061224 538454024679.612244
1.244898 1.061224 538423769926.812805
1.255102 1.061224 538393551679.437744
1.265306 1.061224 538363368193.161438
1.275510 1.061224 538333217780.803772
1.285714 1.061224 538303098810.134216
1.295918 1.061224 538273009701.775269
1.306122 1.061224 538242948927.200012
1.316327 1.061224 538212915006.820923
1.326531 1.061224 538182906508.161316
1.336735 1.061224 538152922044.109253
1.346939 1.061224 538122960271.247437
1.357143 1.061224 538093019888.254883
1.367347 1.061224 538063099634.378784
1.377551 1.061224 538033198287.970520
1.387755 1.061224 538003314665.085327
1.397959 1.061224 537973447618.139954
1.408163 1.061224 537943596034.627380
1.418367 1.061224 537913758835.884644
1.428571 1.061224 537883934975.911194
1.438776 1.061224 537854123440.237976
1.448980 1.061224 537824323244.838867
1.459184 1.061224 537794533435.090454
1.469388 1.061224 537764753084.769958
1.479592 1.061224 537734981295.096191
1.489796 1.061224 537705217193.806763
1.500000 1.061224 537675459934.272400
1.000000 1.071429 539151031965.867737
1.010204 1.071429 539119170370.971741
1.020408 1.071429 539087407425.082092
1.030612 1.071429 539055739133.384277
1.040816 1.071429 539024161655.174194
1.051020 1.071429 538992671296.695984
1.061224 1.071429 538961264504.375488
1.071429 1.071429 538929937858.424316
1.081633 1.071429 538898688066.789185
1.091837 1.071429 538867511959.428345
1.102041 1.071429 538836406482.889709
1.112245 1.071429 538805368695.178284
1.122449 1.071429 538774395760.888672
1.132653 1.071429 538743484946.591797
1.142857 1.071429 538712633616.458374
1.153061 1.071429 538681839228.104126
1.163265 1.071429 538651099328.645386
1.173469 1.071429 538620411550.952393
1.183673 1.071429 538589773610.088379
1.193878 1.071429 538559183299.923279
1.204082 1.071429 538528638489.913574
1.214286 1.071429 538498137122.037476
1.224490 1.071429 538467677207.877502
1.234694 1.071429 538437256825.841858
1.244898 1.071429 538406874118.517517
1.255102 1.071429 538376527290.147034
1.265306 1.071429 538346214604.222046
1.275510 1.071429 538315934381.189819
1.285714 1.071429 538285684996.262573
1.295918 1.071429 538255464877.327820
1.306122 1.071429 538225272502.952148
1.316327 1.071429 538195106400.475464
1.326531 1.071429 538164965144.188293
1.336735 1.071429 538134847353.590759
1.346939 1.071429 538104751691.727783
1.357143 1.071429 538074676863.595398
1.367347 1.071429 538044621614.617310
1.377551 1.071429 538014584729.185730
1.387755 1.071429 537984565029.265320
1.397959 1.071429 537954561373.054565
1.408163 1.071429 537924572653.704529
1.418367 1.071429 537894597798.091003
1.428571 1.071429 537864635765.636780
1.438776 1.071429 537834685547.182129
1.448980 1.071429 537804746163.903198
1.459184 1.071429 537774816666.271362
1.469388 1.071429 537744896133.057251
1.479592 1.071429 537714983670.372925
1.489796 1.071429 537685078410.752563
1.500000 1.071429 537655179512.269958
1.000000 1.081633 539137225914.098877
1.010204 1.081633 539105252708.107544
1.020408 1.081633 539073377293.339050
1.030612 1.081633 539041595689.425903
1.040816 1.081633 539009904069.656067
1.051020 1.081633 538978298753.829590
1.061224 1.081633 538946776201.512268
1.071429 1.081633 538915333005.655457
1.081633 1.081633 538883965886.564209
1.091837 1.081633 538852671686.187134
1.102041 1.081633 538821447362.712524
1.112245 1.081633 538790289985.446960
1.122449 1.081633 538759196729.964233
1.132653 1.081633 538728164873.503235
1.142857 1.081633 538697191790.603638
1.153061 1.081633 538666274948.964111
1.163265 1.081633 538635411905.507568
1.173469 1.081633 538604600302.646118
1.183673 1.081633 538573837864.729431
1.193878 1.081633 538543122394.668518
1.204082 1.081633 538512451770.724121
1.214286 1.081633 538481823943.451904
1.224490 1.081633 538451236932.791504
1.234694 1.081633 538420688825.297546
1.244898 1.081633 538390177771.499146
1.255102 1.081633 538359701983.384216
1.265306 1.081633 538329259732.000977
1.275510 1.081633 538298849345.169128
1.285714 1.081633 538268469205.297058
1.295918 1.081633 538238117747.297668
1.306122 1.081633 538207793456.598511
1.316327 1.081633 538177494867.240173
1.326531 1.081633 538147220560.060486
1.336735 1.081633 538116969160.957947
1.346939 1.081633 538086739339.230957
1.357143 1.081633 538056529805.990967
1.367347 1.081633 538026339312.640991
1.377551 1.081633 537996166649.422729
1.387755 1.081633 537966010644.023254
1.397959 1.081633 537935870160.241333
1.408163 1.081633 537905744096.709839
1.418367 1.081633 537875631385.671082
1.428571 1.081633 537845530991.802551
1.438776 1.081633 537815441911.091797
1.448980 1.081633 537785363169.756653
1.459184 1.081633 537755293823.209167
1.469388 1.081633 537725232955.061462
1.479592 1.081633 537695179676.171265
1.489796 1.081633 537665133123.725769
1.500000 1.081633 537635092460.360901
1.000000 1.091837 539123626774.057556
1.010204 1.091837 539091541201.060425
1.020408 1.091837 539059552583.033875
1.030612 1.091837 539027656953.518127
1.040816 1.091837 538995850499.272461
1.051020 1.091837 538964129553.151489
1.061224 1.091837 538932490587.376282
1.071429 1.091837 538900930207.170898
1.081633 1.091837 538869445144.746643
1.091837 1.091837 538838032253.607788
1.102041 1.091837 538806688503.160217
1.112245 1.091837 538775410973.606567
1.122449 1.091837 538744196851.105103
1.132653 1.091837 538713043423.182251
1.142857 1.091837 538681948074.378784
1.153061 1.091837 538650908282.119202
1.163265 1.091837 538619921612.788635
1.173469 1.091837 538588985718.006531
1.183673 1.091837 538558098331.085388
1.193878 1.091837 538527257263.663635
1.204082 1.091837 538496460402.502991
1.214286 1.091837 538465705706.440979
1.224490 1.091837 538434991203.489563
1.234694 1.091837 538404314988.072144
1.244898 1.091837 538373675218.391541
1.255102 1.091837 538343070113.920349
1.265306 1.091837 538312497953.009277
1.275510 1.091837 538281957070.605408
1.285714 1.091837 538251445856.074341
1.295918 1.091837 538220962751.122559
1.306122 1.091837 538190506247.812439
1.316327 1.091837 538160074886.667053
1.326531 1.091837 538129667254.858398
1.336735 1.091837 538099281984.475830
1.346939 1.091837 538068917750.871094
1.357143 1.091837 538038573271.073853
1.367347 1.091837 538008247302.276794
1.377551 1.091837 537977938640.385437
1.387755 1.091837 537947646118.628906
1.397959 1.091837 537917368606.230591
1.408163 1.091837 537887105007.133667
1.418367 1.091837 537856854258.780457
1.428571 1.091837 537826615330.941040
1.438776 1.091837 537796387224.592041
1.448980 1.091837 537766168970.839050
1.459184 1.091837 537735959629.883972
1.469388 1.091837 537705758290.034485
1.479592 1.091837 537675564066.751160
1.489796 1.091837 537645376101.734741
1.500000 1.091837 537615193562.047729
1.000000 1.102041 539110228452.493103
1.010204 1.102041 539078029789.985046
1.020408 1.102041 539045927267.057251
1.030612 1.102041 539013916930.635254
1.040816 1.102041 538981994980.446228
1.051020 1.102041 538950157761.913940
1.061224 1.102041 538918401759.445435
1.071429 1.102041 538886723590.085754
1.081633 1.102041 538855119997.515503
1.091837 1.102041 538823587846.372131
1.102041 1.102041 538792124116.872742
1.112245 1.102041 538760725899.720703
1.122449 1.102041 538729390391.278687
1.132653 1.102041 538698114888.991821
1.142857 1.102041 538666896787.045410
1.153061 1.102041 538635733572.245361
1.163265 1.102041 538604622820.104370
1.173469 1.102041 538573562191.126038
1.183673 1.102041 538542549427.272888
1.193878 1.102041 538511582348.606995
1.204082 1.102041 538480658850.096680
1.214286 1.102041 538449776898.576843
1.224490 1.102041 538418934529.854553
1.234694 1.102041 538388129845.954407
1.244898 1.102041 538357361012.492188
1.255102 1.102041 538326626256.172974
1.265306 1.102041 538295923862.405029
1.275510 1.102041 538265252173.024353
1.285714 1.102041 538234609584.122925
1.295918 1.102041 538203994543.976318
1.306122 1.102041 538173405551.063782
1.316327 1.102041 538142841152.178589
1.326531 1.102041 538112299940.620605
1.336735 1.102041 538081780554.470520
1.346939 1.102041 538051281674.937256
1.357143 1.102041 538020802024.780273
1.367347 1.102041 537990340366.796814
1.377551 1.102041 537959895502.376770
1.387755 1.102041 537929466270.116943
1.397959 1.102041 537899051544.495056
1.408163 1.102041 537868650234.599243
1.418367 1.102041 537838261282.910095
1.428571 1.102041 537807883664.133606
1.438776 1.102041 537777516384.081970
1.448980 1.102041 537747158478.599304
1.459184 1.102041 537716809012.532471
1.469388 1.102041 537686467078.742371
1.479592 1.102041 537656131797.154358
1.489796 1.102041 537625802313.847839
1.500000 1.102041 537595477800.180542
1.000000 1.112245 539097025094.848328
1.010204 1.112245 539064712652.276428
1.020408 1.112245 539032495554.113892
1.030612 1.112245 539000369860.165466
1.040816 1.112245 538968331782.639404
1.051020 1.112245 538936377679.057861
1.061224 1.112245 538904504045.560852
1.071429 1.112245 538872707510.575867
1.081633 1.112245 538840984828.830444
1.091837 1.112245 538809332875.686707
1.102041 1.112245 538777748641.777954
1.112245 1.112245 538746229227.927429
1.122449 1.112245 538714771840.333008
1.132653 1.112245 538683373786.001770
1.142857 1.112245 538652032468.418823
1.153061 1.112245 538620745383.437256
1.163265 1.112245 538589510115.374023
1.173469 1.112245 538558324333.304138
1.183673 1.112245 538527185787.536255
1.193878 1.112245 538496092306.262878
1.204082 1.112245 538465041792.374146
1.214286 1.112245 538434032220.425903
1.224490 1.112245 538403061633.752930
1.234694 1.112245 538372128141.721191
1.244898 1.112245 538341229917.107605
1.255102 1.112245 538310365193.605103
1.265306 1.112245 538279532263.442566
1.275510 1.112245 538248729475.114380
1.285714 1.112245 538217955231.214966
1.295918 1.112245 538187207986.371521
1.306122 1.112245 538156486245.269104
1.316327 1.112245 538125788560.765930
1.326531 1.112245 538095113532.090332
1.336735 1.112245 538064459803.119629
1.346939 1.112245 538033826060.732239
1.357143 1.112245 538003211033.233154
1.367347 1.112245 537972613488.846008
1.377551 1.112245 537942032234.271057
1.387755 1.112245 537911466113.303406
1.397959 1.112245 537880914005.510620
1.408163 1.112245 537850374824.965332
1.418367 1.112245 537819847519.030518
1.428571 1.112245 537789331067.195679
1.438776 1.112245 537758824479.960144
1.448980 1.112245 537728326797.762451
1.459184 1.112245 537697837089.953308
1.469388 1.112245 537667354453.809631
1.479592 1.112245 537636878013.587830
1.489796 1.112245 537606406919.615234
1.500000 1.112245 537575940347.417480
1.000000 1.122449 539084011073.760132
1.010204 1.122449 539051584191.144226
1.020408 1.122449 539019251877.368347
1.030612 1.122449 538987010204.627747
1.040816 1.122449 538954855397.138916
1.051020 1.122449 538922783824.067810
1.061224 1.122449 538890791992.847717
1.071429 1.122449 538858876542.864685
1.081633 1.122449 538827034239.483643
1.091837 1.122449 538795261968.396179
1.102041 1.122449 538763556730.269592
1.112245 1.122449 538731915635.677368
1.122449 1.122449 538700335900.295532
1.132653 1.122449 538668814840.348145
1.142857 1.122449 538637349868.285400
1.153061 1.122449 538605938488.684143
1.163265 1.122449 538574578294.352966
1.173469 1.122449 538543266962.634827
1.183673 1.122449 538512002251.890930
1.193878 1.122449 538480781998.159607
1.204082 1.122449 538449604111.976746
1.214286 1.122449 538418466575.352173
1.224490 1.122449 538387367438.889526
1.234694 1.122449 538356304819.043701
1.244898 1.122449 538325276895.509705
1.255102 1.122449 538294281908.731262
1.265306 1.122449 538263318157.527649
1.275510 1.122449 538232383996.828857
1.285714 1.122449 538201477835.515137
1.295918 1.122449 538170598134.354431
1.306122 1.122449 538139743404.033386
1.316327 1.122449 538108912203.275879
1.326531 1.122449 538078103137.045898
1.336735 1.122449 538047314854.829468
1.346939 1.122449 538016546048.991577
1.357143 1.122449 537985795453.204834
1.367347 1.122449 537955061840.946594
1.377551 1.122449 537924344024.058899
1.387755 1.122449 537893640851.371521
1.397959 1.122449 537862951207.382263
1.408163 1.122449 537832274010.992798
1.418367 1.122449 537801608214.297424
1.428571 1.122449 537770952801.421387
1.438776 1.122449 537740306787.408020
1.448980 1.122449 537709669217.149963
1.459184 1.122449 537679039164.365601
1.469388 1.122449 537648415730.614746
1.479592 1.122449 537617798044.355103
1.489796 1.122449 537587185260.035767
1.500000 1.122449 537556576557.226440
1.000000 1.132653 539071180978.213074
1.010204 1.132653 539038639024.834412
1.020408 1.132653 539006190883.735596
1.030612 1.132653 538973832639.027649
1.040816 1.132653 538941560526.478882
1.051020 1.132653 538909370926.457275
1.061224 1.132653 538877260357.264648
1.071429 1.132653 538845225468.834534
1.081633 1.132653 538813263036.772705
1.091837 1.132653 538781369956.717346
1.102041 1.132653 538749543238.998962
1.112245 1.132653 538717780003.584167
1.122449 1.132653 538686077475.281250
1.132653 1.132653 538654432979.196045
1.142857 1.132653 538622843936.420837
1.153061 1.132653 538591307859.942566
1.163265 1.132653 538559822350.758484
1.173469 1.132653 538528385094.185364
1.183673 1.132653 538496993856.353088
1.193878 1.132653 538465646480.869446
1.204082 1.132653 538434340885.649780
1.214286 1.132653 538403075059.898560
1.224490 1.132653 538371847061.236511
1.234694 1.132653 538340655012.965271
1.244898 1.132653 538309497101.460449
1.255102 1.132653 538278371573.687439
1.265306 1.132653 538247276734.833801
1.275510 1.132653 538216210946.048279
1.285714 1.132653 538185172622.287170
1.295918 1.132653 538154160230.255615
1.306122 1.132653 538123172286.443176
1.316327 1.132653 538092207355.247192
1.326531 1.132653 538061264047.179932
1.336735 1.132653 538030341017.153870
1.346939 1.132653 537999436962.843506
1.357143 1.132653 537968550623.117310
1.367347 1.132653 537937680776.538147
1.377551 1.132653 537906826239.927063
1.387755 1.132653 537875985866.990112
1.397959 1.132653 537845158547.000183
1.408163 1.132653 537814343203.537964
1.418367 1.132653 537783538793.281982
1.428571 1.132653 537752744304.850952
1.438776 1.132653 537721958757.692505
1.448980 1.132653 537691181201.018433
1.459184 1.132653 537660410712.782288
1.469388 1.132653 537629646398.697937
1.479592 1.132653 537598887391.298645
1.489796 1.132653 537568132849.032776
1.500000 1.132653 537537381955.394958
1.000000 1.142857 539058529603.305237
1.010204 1.142857 539025871976.461304
1.020408 1.142857 538993307423.775330
1.030612 1.142857 538960832040.815918
1.040816 1.142857 538928442074.459229
1.051020 1.142857 538896133915.849121
1.061224 1.142857 538863904093.742737
1.071429 1.142857 538831749268.223755
1.081633 1.142857 538799666224.754578
1.091837 1.142857 538767651868.548218
1.102041 1.142857 538735703219.240967
1.112245 1.142857 538703817405.844971
1.122449 1.142857 538671991661.965759
1.132653 1.142857 538640223321.267151
1.142857 1.142857 538608509813.169495
1.153061 1.142857 538576848658.766541
1.163265 1.142857 538545237466.950317
1.173469 1.142857 538513673930.726868
1.183673 1.142857 538482155823.718872
1.193878 1.142857 538450680996.837097
1.204082 1.142857 538419247375.117004
1.214286 1.142857 538387852954.706970
1.224490 1.142857 538356495800.001526
1.234694 1.142857 538325174040.912659
1.244898 1.142857 538293885870.268005
1.255102 1.142857 538262629541.332397
1.265306 1.142857 538231403365.445496
1.275510 1.142857 538200205709.765930
1.285714 1.142857 538169034995.122192
1.295918 1.142857 538137889693.959045
1.306122 1.142857 538106768328.376953
1.316327 1.142857 538075669468.260376
1.326531 1.142857 538044591729.487793
1.336735 1.142857 538013533772.222229
1.346939 1.142857 537982494299.276001
1.357143 1.142857 537951472054.546387
1.367347 1.142857 537920465821.519531
1.377551 1.142857 537889474421.837585
1.387755 1.142857 537858496713.928345
1.397959 1.142857 537827531591.690918
1.408163 1.142857 537796577983.238586
1.418367 1.142857 537765634849.692261
1.428571 1.142857 537734701184.025574
1.438776 1.142857 537703776009.955994
1.448980 1.142857 537672858380.882751
1.459184 1.142857 537641947378.866272
1.469388 1.142857 537611042113.649780
1.479592 1.142857 537580141721.720703
1.489796 1.142857 537549245365.407593
1.500000 1.142857 537518352232.013855
1.000000 1.153061 539046051940.585510
1.010204 1.153061 539013278064.404541
1.020408 1.153061 538980596542.150940
1.030612 1.153061 538948003480.404663
1.040816 1.153061 538915495136.721924
1.051020 1.153061 538883067912.606934
1.061224 1.153061 538850718346.873901
1.071429 1.153061 538818443109.370728
1.081633 1.153061 538786238995.043640
1.091837 1.153061 538754102918.321472
1.102041 1.153061 538722031907.798096
1.112245 1.153061 538690023101.195740
1.122449 1.153061 538658073740.592407
1.132653 1.153061 538626181167.895325
1.142857 1.153061 538594342820.549255
1.153061 1.153061 538562556227.460815
1.163265 1.153061 538530819005.131348
1.173469 1.153061 538499128853.980957
1.183673 1.153061 538467483554.858032
1.193878 1.153061 538435880965.717163
1.204082 1.153061 538404319018.463440
1.214286 1.153061 538372795715.945251
1.224490 1.153061 538341309129.096130
1.234694 1.153061 538309857394.208862
1.244898 1.153061 538278438710.341370
1.255102 1.153061 538247051336.842651
1.265306 1.153061 538215693590.995056
1.275510 1.153061 538184363845.764282
1.285714 1.153061 538153060527.654114
1.295918 1.153061 538121782114.656860
1.306122 1.153061 538090527134.298035
1.316327 1.153061 538059294161.768066
1.326531 1.153061 538028081818.136047
1.336735 1.153061 537996888768.644531
1.346939 1.153061 537965713721.077332
1.357143 1.153061 537934555424.198669
1.367347 1.153061 537903412666.260498
1.377551 1.153061 537872284273.572998
1.387755 1.153061 537841169109.136658
1.397959 1.153061 537810066071.331299
1.408163 1.153061 537778974092.661682
1.418367 1.153061 537747892138.553406
1.428571 1.153061 537716819206.200806
1.438776 1.153061 537685754323.460510
1.448980 1.153061 537654696547.791504
1.459184 1.153061 537623644965.237183
1.469388 1.153061 537592598689.449646
1.479592 1.153061 537561556860.751221
1.489796 1.153061 537530518645.236084
1.500000 1.153061 537499483233.904846
1.000000 1.163265 539033743168.925659
1.010204 1.163265 539000852493.240356
1.020408 1.163265 538968053468.615417
1.030612 1.163265 538935342212.211121
1.040816 1.163265 538902714991.846985
1.051020 1.163265 538870168218.987122
1.061224 1.163265 538837698442.114990
1.071429 1.163265 538805302340.469055
1.081633 1.163265 538772976718.118652
1.091837 1.163265 538740718498.359619
1.102041 1.163265 538708524718.406555
1.112245 1.163265 538676392524.366272
1.122449 1.163265 538644319166.473877
1.132653 1.163265 538612301994.576233
1.142857 1.163265 538580338453.847290
1.153061 1.163265 538548426080.721619
1.163265 1.163265 538516562499.033569
1.173469 1.163265 538484745416.350525
1.183673 1.163265 538452972620.486816
1.193878 1.163265 538421241976.190796
1.204082 1.163265 538389551421.992981
1.214286 1.163265 538357898967.207397
1.224490 1.163265 538326282689.076477
1.234694 1.163265 538294700730.053101
1.244898 1.163265 538263151295.209717
1.255102 1.163265 538231632649.770935
1.265306 1.163265 538200143116.758972
1.275510 1.163265 538168681074.749878
1.285714 1.163265 538137244955.731201
1.295918 1.163265 538105833243.057495
1.306122 1.163265 538074444469.498718
1.316327 1.163265 538043077215.375549
1.326531 1.163265 538011730106.777832
1.336735 1.163265 537980401813.861328
1.346939 1.163265 537949091049.220276
1.357143 1.163265 537917796566.328979
1.367347 1.163265 537886517158.052612
1.377551 1.163265 537855251655.220642
1.387755 1.163265 537823998925.261963
1.397959 1.163265 537792757870.896240
1.408163 1.163265 537761527428.882385
1.418367 1.163265 537730306568.817688
1.428571 1.163265 537699094291.986450
1.438776 1.163265 537667889630.258179
1.448980 1.163265 537636691645.028015
1.459184 1.163265 537605499426.202087
1.469388 1.163265 537574312091.222961
1.479592 1.163265 537543128784.134888
1.489796 1.163265 537511948674.685303
1.500000 1.163265 537480770957.462402
1.000000 1.173469 539021598645.894043
1.010204 1.173469 538988590645.168884
1.020408 1.173469 538955673609.493591
1.030612 1.173469 538922843666.190613
1.040816 1.173469 538890097092.939148
1.051020 1.173469 538857430310.774475
1.061224 1.173469 538824839877.473755
1.071429 1.173469 538792322481.303223
1.081633 1.173469 538759874935.106140
1.091837 1.173469 538727494170.706787
1.102041 1.173469 538695177233.613770
1.112245 1.173469 538662921278.002747
1.122449 1.173469 538630723561.961121
1.132653 1.173469 538598581442.979553
1.142857 1.173469 538566492373.675781
1.153061 1.173469 538534453897.735535
1.163265 1.173469 538502463646.059265
1.173469 1.173469 538470519333.101318
1.183673 1.173469 538438618753.391602
1.193878 1.173469 538406759778.228577
1.204082 1.173469 538374940352.532715
1.214286 1.173469 538343158491.854553
1.224490 1.173469 538311412279.524414
1.234694 1.173469 538279699863.939453
1.244898 1.173469 538248019455.978821
1.255102 1.173469 538216369326.539246
1.265306 1.173469 538184747804.187073
1.275510 1.173469 538153153272.917358
1.285714 1.173469 538121584170.015930
1.295918 1.173469 538090038984.019836
1.306122 1.173469 538058516252.768494
1.316327 1.173469 538027014561.542725
1.326531 1.173469 537995532541.287415
1.336735 1.173469 537964068866.911011
1.346939 1.173469 537932622255.661560
1.357143 1.173469 537901191465.571655
1.367347 1.173469 537869775293.971436
1.377551 1.173469 537838372576.066040
1.387755 1.173469 537806982183.571838
1.397959 1.173469 537775603023.412354
1.408163 1.173469 537744234036.467529
1.418367 1.173469 537712874196.376404
1.428571 1.173469 537681522508.388123
1.438776 1.173469 537650178008.261169
1.448980 1.173469 537618839761.207275
1.459184 1.173469 537587506860.878601
1.469388 1.173469 537556178428.394897
1.479592 1.173469 537524853611.410278
1.489796 1.173469 537493531583.217651
1.500000 1.173469 537462211541.887390
1.000000 1.183673 539009613899.597412
1.010204 1.183673 538976488071.907776
1.020408 1.183673 538943452539.625977
1.030612 1.183673 538910503439.830811
1.040816 1.183673 538877637059.670227
1.051020 1.183673 538844849829.373230
1.061224 1.183673 538812138315.646545
1.071429 1.183673 538779499215.433105
1.081633 1.183673 538746929350.009827
1.091837 1.183673 538714425659.402283
1.102041 1.183673 538681985197.096313
1.112245 1.183673 538649605125.030029
1.122449 1.183673 538617282708.846863
1.132653 1.183673 538585015313.395203
1.142857 1.183673 538552800398.459290
1.153061 1.183673 538520635514.708069
1.163265 1.183673 538488518299.847778
1.173469 1.183673 538456446474.969299
1.183673 1.183673 538424417841.074097
1.193878 1.183673 538392430275.774475
1.204082 1.183673 538360481730.152710
1.214286 1.183673 538328570225.773865
1.224490 1.183673 538296693851.840698
1.234694 1.183673 538264850762.486755
1.244898 1.183673 538233039174.194519
1.255102 1.183673 538201257363.337585
1.265306 1.183673 538169503663.835144
1.275510 1.183673 538137776464.916077
1.285714 1.183673 538106074208.985046
1.295918 1.183673 538074395389.586365
1.306122 1.183673 538042738549.459167
1.316327 1.183673 538011102278.679871
1.326531 1.183673 537979485212.887512
1.336735 1.183673 537947886031.587708
1.346939 1.183673 537916303456.530579
1.357143 1.183673 537884736250.159058
1.367347 1.183673 537853183214.125061
1.377551 1.183673 537821643187.869202
1.387755 1.183673 537790115047.259949
1.397959 1.183673 537758597703.291504
1.408163 1.183673 537727090100.836487
1.418367 1.183673 537695591217.449768
1.428571 1.183673 537664100062.222656
1.438776 1.183673 537632615674.683960
1.448980 1.183673 537601137123.745667
1.459184 1.183673 537569663506.692322
1.469388 1.183673 537538193948.210327
1.479592 1.183673 537506727599.456421
1.489796 1.183673 537475263637.163757
1.500000 1.183673 537443801262.782349
1.000000 1.193878 538997784620.964111
1.010204 1.193878 538964540487.023865
1.020408 1.193878 538931385994.747864
1.030612 1.193878 538898317290.577820
1.040816 1.193878 538865330670.751038
1.051020 1.193878 538832422574.324280
1.061224 1.193878 538799589576.580383
1.071429 1.193878 538766828382.798096
1.081633 1.193878 538734135822.359253
1.091837 1.193878 538701508843.171814
1.102041 1.193878 538668944506.392334
1.112245 1.193878 538636439981.423950
1.122449 1.193878 538603992541.179077
1.132653 1.193878 538571599557.585815
1.142857 1.193878 538539258497.326111
1.153061 1.193878 538506966917.791931
1.163265 1.193878 538474722463.244019
1.173469 1.193878 538442522861.164734
1.183673 1.193878 538410365918.791870
1.193878 1.193878 538378249519.822449
1.204082 1.193878 538346171621.278198
1.214286 1.193878 538314130250.523560
1.224490 1.193878 538282123502.425842
1.234694 1.193878 538250149536.651672
1.244898 1.193878 538218206575.091614
1.255102 1.193878 538186292899.404663
1.265306 1.193878 538154406848.678040
1.275510 1.193878 538122546817.194885
1.285714 1.193878 538090711252.304199
1.295918 1.193878 538058898652.388306
1.306122 1.193878 538027107564.921021
1.316327 1.193878 537995336584.614197
1.326531 1.193878 537963584351.645996
1.336735 1.193878 537931849549.967346
1.346939 1.193878 537900130905.683167
1.357143 1.193878 537868427185.503784
1.367347 1.193878 537836737195.263733
1.377551 1.193878 537805059778.503174
1.387755 1.193878 537773393815.110596
1.397959 1.193878 537741738220.022705
1.408163 1.193878 537710091941.979614
1.418367 1.193878 537678453962.330139
1.428571 1.193878 537646823293.888794
1.438776 1.193878 537615198979.838928
1.448980 1.193878 537583580092.680298
1.459184 1.193878 537551965733.219727
1.469388 1.193878 537520355029.602966
1.479592 1.193878 537488747136.385132
1.489796 1.193878 537457141233.637451
1.500000 1.193878 537425536526.090088
1.000000 1.204082 538986106656.439392
1.010204 1.204082 538952743758.674194
1.020408 1.204082 538919469864.275818
1.030612 1.204082 538886281128.666687
1.040816 1.204082 538853173856.805603
1.051020 1.204082 538820144496.221619
1.061224 1.204082 538787189630.431335
1.071429 1.204082 538754305972.718445
1.081633 1.204082 538721490360.249695
1.091837 1.204082 538688739748.508118
1.102041 1.204082 538656051206.021484
1.112245 1.204082 538623421909.370239
1.122449 1.204082 538590849138.457031
1.132653 1.204082 538558330272.020081
1.142857 1.204082 538525862783.378601
1.153061 1.204082 538493444236.394653
1.163265 1.204082 538461072281.638977
1.173469 1.204082 538428744652.749512
1.183673 1.204082 538396459162.970215
1.193878 1.204082 538364213701.860901
1.204082 1.204082 538332006232.167786
1.214286 1.204082 538299834786.845947
1.224490 1.204082 538267697466.224121
1.234694 1.204082 538235592435.306641
1.244898 1.204082 538203517921.200500
1.255102 1.204082 538171472210.665771
1.265306 1.204082 538139453647.778015
1.275510 1.204082 538107460631.700500
1.285714 1.204082 538075491614.557190
1.295918 1.204082 538043545099.403564
1.306122 1.204082 538011619638.288879
1.316327 1.204082 537979713830.404724
1.326531 1.204082 537947826320.317078
1.336735 1.204082 537915955796.275635
1.346939 1.204082 537884100988.597290
1.357143 1.204082 537852260668.121216
1.367347 1.204082 537820433644.728394
1.377551 1.204082 537788618765.927551
1.387755 1.204082 537756814915.498962
1.397959 1.204082 537725021012.197327
1.408163 1.204082 537693236008.508179
1.418367 1.204082 537661458889.456421
1.428571 1.204082 537629688671.464661
1.438776 1.204082 537597924401.258240
1.448980 1.204082 537566165154.814880
1.459184 1.204082 537534410036.357483
1.469388 1.204082 537502658177.387207
1.479592 1.204082 537470908735.755615
1.489796 1.204082 537439160894.773132
1.500000 1.204082 537407413862.353821
1.000000 1.214286 538974576001.067139
1.010204 1.214286 538941093902.731995
1.020408 1.214286 538907700184.475891
1.030612 1.214286 538874391010.331787
1.040816 1.214286 538841162693.622559
1.051020 1.214286 538808011690.004944
1.061224 1.214286 538774934590.896606
1.071429 1.214286 538741928117.265198
1.081633 1.214286 538708989113.752930
1.091837 1.214286 538676114543.117310
1.102041 1.214286 538643301480.968384
1.112245 1.214286 538610547110.784729
1.122449 1.214286 538577848719.188232
1.132653 1.214286 538545203691.465515
1.142857 1.214286 538512609507.319946
1.153061 1.214286 538480063736.838623
1.163265 1.214286 538447564036.665649
1.173469 1.214286 538415108146.363831
1.183673 1.214286 538382693884.961792
1.193878 1.214286 538350319147.665894
1.204082 1.214286 538317981902.737854
1.214286 1.214286 538285680188.520813
1.224490 1.214286 538253412110.608765
1.234694 1.214286 538221175839.152588
1.244898 1.214286 538188969606.291199
1.255102 1.214286 538156791703.706055
1.265306 1.214286 538124640480.286987
1.275510 1.214286 538092514339.907776
1.285714 1.214286 538060411739.303223
1.295918 1.214286 538028331186.042419
1.306122 1.214286 537996271236.594543
1.316327 1.214286 537964230494.480530
1.326531 1.214286 537932207608.507507
1.336735 1.214286 537900201271.081055
1.346939 1.214286 537868210216.591919
1.357143 1.214286 537836233219.872131
1.367347 1.214286 537804269094.718933
1.377551 1.214286 537772316692.481384
1.387755 1.214286 537740374900.707764
1.397959 1.214286 537708442641.848816
1.408163 1.214286 537676518872.018066
1.418367 1.214286 537644602579.801636
1.428571 1.214286 537612692785.118103
1.438776 1.214286 537580788538.125977
1.448980 1.214286 537548888918.174683
1.459184 1.214286 537516993032.799500
1.469388 1.214286 537485100016.755920
1.479592 1.214286 537453209031.093445
1.489796 1.214286 537421319262.265808
1.500000 1.214286 537389429921.277344
1.000000 1.224490 538963188791.937012
1.010204 1.224490 538929587076.273865
1.020408 1.224490 538896073131.991699
1.030612 1.224490 538862643131.374329
1.040816 1.224490 538829293395.761780
1.051020 1.224490 538796020388.603943
1.061224 1.224490 538762820708.896973
1.071429 1.224490 538729691084.980530
1.081633 1.224490 538696628368.670898
1.091837 1.224490 538663629529.710083
1.102041 1.224490 538630691650.509827
1.112245 1.224490 538597811921.174194
1.122449 1.224490 538564987634.782043
1.132653 1.224490 538532216182.914795
1.142857 1.224490 538499495051.413940
1.153061 1.224490 538466821816.354187
1.163265 1.224490 538434194140.221802
1.173469 1.224490 538401609768.282776
1.183673 1.224490 538369066525.132751
1.193878 1.224490 538336562311.416565
1.204082 1.224490 538304095100.708191
1.214286 1.224490 538271662936.541992
1.224490 1.224490 538239263929.586365
1.234694 1.224490 538206896254.953796
1.244898 1.224490 538174558149.635742
1.255102 1.224490 538142247910.060486
1.265306 1.224490 538109963889.762817
1.275510 1.224490 538077704497.163147
1.285714 1.224490 538045468193.447205
1.295918 1.224490 538013253490.543152
1.306122 1.224490 537981058949.188965
1.316327 1.224490 537948883177.088501
1.326531 1.224490 537916724827.147705
1.336735 1.224490 537884582595.790039
1.346939 1.224490 537852455221.344666
1.357143 1.224490 537820341482.506409
1.367347 1.224490 537788240196.860840
1.377551 1.224490 537756150219.473511
1.387755 1.224490 537724070441.539185
1.397959 1.224490 537691999789.088135
1.408163 1.224490 537659937221.747131
1.418367 1.224490 537627881731.551514
1.428571 1.224490 537595832341.807434
1.438776 1.224490 537563788106.000671
1.448980 1.224490 537531748106.749268
1.459184 1.224490 537499711454.799988
1.469388 1.224490 537467677288.064575
1.479592 1.224490 537435644770.695374
1.489796 1.224490 537403613092.195801
1.500000 1.224490 537371581466.569031
1.000000 1.234694 538951941301.971741
1.010204 1.234694 538918219571.406738
1.020408 1.234694 538884585017.709167
1.030612 1.234694 538851033821.064514
1.040816 1.234694 538817562310.493164
1.051020 1.234694 538784166956.913574
1.061224 1.234694 538750844366.586670
1.071429 1.234694 538717591274.921753
1.081633 1.234694 538684404540.617065
1.091837 1.234694 538651281140.116638
1.102041 1.234694 538618218162.360596
1.112245 1.234694 538585212803.815674
1.122449 1.234694 538552262363.762573
1.132653 1.234694 538519364239.830750
1.142857 1.234694 538486515923.760986
1.153061 1.234694 538453714997.384827
1.163265 1.234694 538420959128.807129
1.173469 1.234694 538388246068.780212
1.183673 1.234694 538355573647.257690
1.193878 1.234694 538322939770.118958
1.204082 1.234694 538290342416.053284
1.214286 1.234694 538257779633.595337
1.224490 1.234694 538225249538.302979
1.234694 1.234694 538192750310.070190
1.244898 1.234694 538160280190.566528
1.255102 1.234694 538127837480.797974
1.265306 1.234694 538095420538.780396
1.275510 1.234694 538063027777.320862
1.285714 1.234694 538030657661.901123
1.295918 1.234694 537998308708.657288
1.306122 1.234694 537965979482.450745
1.316327 1.234694 537933668595.025818
1.326531 1.234694 537901374703.249023
1.336735 1.234694 537869096507.427063
1.346939 1.234694 537836832749.696960
1.357143 1.234694 537804582212.489075
1.367347 1.234694 537772343717.053406
1.377551 1.234694 537740116122.051514
1.387755 1.234694 537707898322.207764
1.397959 1.234694 537675689247.017212
1.408163 1.234694 537643487859.508606
1.418367 1.234694 537611293155.058838
1.428571 1.234694 537579104160.255798
1.438776 1.234694 537546919931.809509
1.448980 1.234694 537514739555.506348
1.459184 1.234694 537482562145.207397
1.469388 1.234694 537450386841.885315
1.479592 1.234694 537418212812.701477
1.489796 1.234694 537386039250.119019
1.500000 1.234694 537353865371.051819
1.000000 1.244898 538940829934.036621
1.010204 1.244898 538906987809.413757
1.020408 1.244898 538873232280.938599
1.030612 1.244898 538839559536.359314
1.040816 1.244898 538805965912.049927
1.051020 1.244898 538772447886.081360
1.061224 1.244898 538739002071.675171
1.071429 1.244898 538705625211.016663
1.081633 1.244898 538672314169.402222
1.091837 1.244898 538639065929.703308
1.102041 1.244898 538605877587.124207
1.112245 1.244898 538572746344.237671
1.122449 1.244898 538539669506.278992
1.132653 1.244898 538506644476.685852
1.142857 1.244898 538473668752.866699
1.153061 1.244898 538440739922.185669
1.163265 1.244898 538407855658.149048
1.173469 1.244898 538375013716.785095
1.183673 1.244898 538342211933.201538
1.193878 1.244898 538309448218.315002
1.204082 1.244898 538276720555.738892
1.214286 1.244898 538244026998.822449
1.224490 1.244898 538211365667.832825
1.234694 1.244898 538178734747.271240
1.244898 1.244898 538146132483.316101
1.255102 1.244898 538113557181.386536
1.265306 1.244898 538081007203.819763
1.275510 1.244898 538048480967.654480
1.285714 1.244898 538015976942.518250
1.295918 1.244898 537983493648.609131
1.306122 1.244898 537951029654.769348
1.316327 1.244898 537918583576.645447
1.326531 1.244898 537886154074.930603
1.336735 1.244898 537853739853.683716
1.346939 1.244898 537821339658.723328
1.357143 1.244898 537788952276.091003
1.367347 1.244898 537756576530.581299
1.377551 1.244898 537724211284.335083
1.387755 1.244898 537691855435.491943
1.397959 1.244898 537659507916.900940
1.408163 1.244898 537627167694.885010
1.418367 1.244898 537594833768.056763
1.428571 1.244898 537562505166.183716
1.438776 1.244898 537530180949.100098
1.448980 1.244898 537497860205.663635
1.459184 1.244898 537465542052.754028
1.469388 1.244898 537433225634.312622
1.479592 1.244898 537400910120.419861
1.489796 1.244898 537368594706.410583
1.500000 1.244898 537336278612.022827
1.000000 1.255102 538929851215.350586
1.010204 1.255102 538895888335.200317
1.020408 1.255102 538862011483.895203
1.030612 1.255102 538828216856.416565
1.040816 1.255102 538794500796.174438
1.051020 1.255102 538760859788.085999
1.061224 1.255102 538727290452.037842
1.071429 1.255102 538693789536.705139
1.081633 1.255102 538660353913.707397
1.091837 1.255102 538626980572.077148
1.102041 1.255102 538593666613.025452
1.112245 1.255102 538560409244.982300
1.122449 1.255102 538527205778.896667
1.132653 1.255102 538494053623.782349
1.142857 1.255102 538460950282.490356
1.153061 1.255102 538427893347.698853
1.163265 1.255102 538394880498.105286
1.173469 1.255102 538361909494.809082
1.183673 1.255102 538328978177.874390
1.193878 1.255102 538296084463.063416
1.204082 1.255102 538263226338.727295
1.214286 1.255102 538230401862.849976
1.224490 1.255102 538197609160.233093
1.234694 1.255102 538164846419.815247
1.244898 1.255102 538132111892.119446
1.255102 1.255102 538099403886.818237
1.265306 1.255102 538066720770.414795
1.275510 1.255102 538034060964.029541
1.285714 1.255102 538001422941.289124
1.295918 1.255102 537968805226.311401
1.306122 1.255102 537936206391.781555
1.316327 1.255102 537903625057.114380
1.326531 1.255102 537871059886.698547
1.336735 1.255102 537838509588.219055
1.346939 1.255102 537805972911.052063
1.357143 1.255102 537773448644.730835
1.367347 1.255102 537740935617.477173
1.377551 1.255102 537708432694.797302
1.387755 1.255102 537675938778.135742
1.397959 1.255102 537643452803.587769
1.408163 1.255102 537610973740.665527
1.418367 1.255102 537578500591.114807
1.428571 1.255102 537546032387.783264
1.438776 1.255102 537513568193.532776
1.448980 1.255102 537481107100.196838
1.459184 1.255102 537448648227.582397
1.469388 1.255102 537416190722.509155
1.479592 1.255102 537383733757.888916
1.489796 1.255102 537351276531.842468
1.500000 1.255102 537318818266.849060
1.000000 1.265306 538919001792.181824
1.010204 1.265306 538884917812.022766
1.020408 1.265306 538850919306.459900
1.030612 1.265306 538817002477.387756
1.040816 1.265306 538783163674.943359
1.051020 1.265306 538749399390.593018
1.061224 1.265306 538715706250.600647
1.071429 1.265306 538682081009.854492
1.081633 1.265306 538648520546.028687
1.091837 1.265306 538615021854.058472
1.102041 1.265306 538581582040.911621
1.112245 1.265306 538548198320.633484
1.122449 1.265306 538514868009.653687
1.132653 1.265306 538481588522.335205
1.142857 1.265306 538448357366.753174
1.153061 1.265306 538415172140.688599
1.163265 1.265306 538382030527.824097
1.173469 1.265306 538348930294.132385
1.183673 1.265306 538315869284.441956
1.193878 1.265306 538282845419.173401
1.204082 1.265306 538249856691.235657
1.214286 1.265306 538216901163.072021
1.224490 1.265306 538183976963.848511
1.234694 1.265306 538151082286.777039
1.244898 1.265306 538118215386.564331
1.255102 1.265306 538085374576.982056
1.265306 1.265306 538052558228.548157
1.275510 1.265306 538019764766.318604
1.285714 1.265306 537986992667.776917
1.295918 1.265306 537954240460.823059
1.306122 1.265306 537921506721.850525
1.316327 1.265306 537888790073.912109
1.326531 1.265306 537856089184.965576
1.336735 1.265306 537823402766.198364
1.346939 1.265306 537790729570.424194
1.357143 1.265306 537758068390.551147
1.367347 1.265306 537725418058.115540
1.377551 1.265306 537692777441.877869
1.387755 1.265306 537660145446.480042
1.397959 1.265306 537627521011.158936
1.408163 1.265306 537594903108.513489
1.418367 1.265306 537562290743.324280
1.428571 1.265306 537529682951.421509
1.438776 1.265306 537497078798.599854
1.448980 1.265306 537464477379.577881
1.459184 1.265306 537431877816.999146
1.469388 1.265306 537399279260.474426
1.479592 1.265306 537366680885.662354
1.489796 1.265306 537334081893.385742
1.500000 1.265306 537301481508.784119
1.000000 1.275510 538908278424.810608
1.010204 1.275510 538874073016.482605
1.020408 1.275510 538839952541.204468
1.030612 1.275510 538805913207.472900
1.040816 1.275510 538771951371.852234
1.051020 1.275510 538738063532.068420
1.061224 1.275510 538704246320.483765
1.071429 1.275510 538670496497.929688
1.081633 1.275510 538636810947.874939
1.091837 1.275510 538603186670.906372
1.102041 1.275510 538569620779.504822
1.112245 1.275510 538536110493.096619
1.122449 1.275510 538502653133.364563
1.132653 1.275510 538469246119.801636
1.142857 1.275510 538435886965.493958
1.153061 1.275510 538402573273.119690
1.163265 1.275510 538369302731.147949
1.173469 1.275510 538336073110.231567
1.183673 1.275510 538302882259.775574
1.193878 1.275510 538269728104.679199
1.204082 1.275510 538236608642.232788
1.214286 1.275510 538203521939.169067
1.224490 1.275510 538170466128.853455
1.234694 1.275510 538137439408.610352
1.244898 1.275510 538104440037.175842
1.255102 1.275510 538071466332.268616
1.265306 1.275510 538038516668.276367
1.275510 1.275510 538005589474.047241
1.285714 1.275510 537972683230.784363
1.295918 1.275510 537939796470.034729
1.306122 1.275510 537906927771.770630
1.316327 1.275510 537874075762.555481
1.326531 1.275510 537841239113.793152
1.336735 1.275510 537808416540.053589
1.346939 1.275510 537775606797.471558
1.357143 1.275510 537742808682.216675
1.367347 1.275510 537710021029.028992
1.377551 1.275510 537677242709.816223
1.387755 1.275510 537644472632.313232
1.397959 1.275510 537611709738.796143
1.408163 1.275510 537578953004.852051
1.418367 1.275510 537546201438.198975
1.428571 1.275510 537513454077.556274
1.438776 1.275510 537480709991.559814
1.448980 1.275510 537447968277.723022
1.459184 1.275510 537415228061.439575
1.469388 1.275510 537382488495.026367
1.479592 1.275510 537349748756.805237
1.489796 1.275510 537317008050.220947
1.500000 1.275510 537284265602.994324
1.000000 1.285714 538897677982.744751
1.010204 1.285714 538863350833.771667
1.020408 1.285714 538829108088.665771
1.030612 1.285714 538794945962.224060
1.040816 1.285714 538760860817.146667
1.051020 1.285714 538726849157.137634
1.061224 1.285714 538692907620.386536
1.071429 1.285714 538659032973.406372
1.081633 1.285714 538625222105.207214
1.091837 1.285714 538591472021.782959
1.102041 1.285714 538557779840.891663
1.112245 1.285714 538524142787.112366
1.122449 1.285714 538490558187.160095
1.132653 1.285714 538457023465.444153
1.142857 1.285714 538423536139.855652
1.153061 1.285714 538390093817.769043
1.163265 1.285714 538356694192.246826
1.173469 1.285714 538323335038.433899
1.183673 1.285714 538290014210.131226
1.193878 1.285714 538256729636.539551
1.204082 1.285714 538223479319.160339
1.214286 1.285714 538190261328.850220
1.224490 1.285714 538157073803.013550
1.234694 1.285714 538123914942.931824
1.244898 1.285714 538090783011.218750
1.255102 1.285714 538057676329.394287
1.265306 1.285714 538024593275.572510
1.275510 1.285714 537991532282.256470
1.285714 1.285714 537958491834.233887
1.295918 1.285714 537925470466.569092
1.306122 1.285714 537892466762.685486
1.316327 1.285714 537859479352.534607
1.326531 1.285714 537826506910.846436
1.336735 1.285714 537793548155.456421
1.346939 1.285714 537760601845.707458
1.357143 1.285714 537727666780.920837
1.367347 1.285714 537694741798.932251
1.377551 1.285714 537661825774.692505
1.387755 1.285714 537628917618.927856
1.397959 1.285714 537596016276.854614
1.408163 1.285714 537563120726.951416
1.418367 1.285714 537530229979.780396
1.428571 1.285714 537497343076.857788
1.438776 1.285714 537464459089.571899
1.448980 1.285714 537431577118.144043
1.459184 1.285714 537398696290.633179
1.469388 1.285714 537365815761.979553
1.479592 1.285714 537332934713.088196
1.489796 1.285714 537300052349.946655
1.500000 1.285714 537267167902.780457
1.000000 1.295918 538887197440.172119
1.010204 1.295918 538852748253.152527
1.020408 1.295918 538818382952.854431
1.030612 1.295918 538784097760.080566
1.040816 1.295918 538749889043.383972
1.051020 1.295918 538715753312.173828
1.061224 1.295918 538681687210.202515
1.071429 1.295918 538647687509.410278
1.081633 1.295918 538613751104.102600
1.091837 1.295918 538579875005.442871
1.102041 1.295918 538546056336.236816
1.112245 1.295918 538512292325.993896
1.122449 1.295918 538478580306.246948
1.132653 1.295918 538444917706.114136
1.142857 1.295918 538411302048.090027
1.153061 1.295918 538377730944.052063
1.163265 1.295918 538344202091.466919
1.173469 1.295918 538310713269.789551
1.183673 1.295918 538277262337.040161
1.193878 1.295918 538243847226.549622
1.204082 1.295918 538210465943.865234
1.214286 1.295918 538177116563.805847
1.224490 1.295918 538143797227.659119
1.234694 1.295918 538110506140.512146
1.244898 1.295918 538077241568.709839
1.255102 1.295918 538044001837.430237
1.265306 1.295918 538010785328.375854
1.275510 1.295918 537977590477.569702
1.285714 1.295918 537944415773.253967
1.295918 1.295918 537911259753.883057
1.306122 1.295918 537878121006.208801
1.316327 1.295918 537844998163.450745
1.326531 1.295918 537811889903.547852
1.336735 1.295918 537778794947.488831
1.346939 1.295918 537745712057.714111
1.357143 1.295918 537712640036.588745
1.367347 1.295918 537679577724.940613
1.377551 1.295918 537646524000.662109
1.387755 1.295918 537613477777.371094
1.397959 1.295918 537580438003.128662
1.408163 1.295918 537547403659.210876
1.418367 1.295918 537514373758.932495
1.428571 1.295918 537481347346.517944
1.438776 1.295918 537448323496.021057
1.448980 1.295918 537415301310.286438
1.459184 1.295918 537382279919.956116
1.469388 1.295918 537349258482.513428
1.479592 1.295918 537316236181.367737
1.489796 1.295918 537283212224.973328
1.500000 1.295918 537250185845.985779
1.000000 1.306122 538876833871.637817
1.010204 1.306122 538842262363.662720
1.020408 1.306122 538807774236.984070
1.030612 1.306122 538773365718.124756
1.040816 1.306122 538739033181.215271
1.051020 1.306122 538704773141.103699
1.061224 1.306122 538670582246.849487
1.071429 1.306122 538636457275.571838
1.081633 1.306122 538602395126.632751
1.091837 1.306122 538568392816.134094
1.102041 1.306122 538534447471.705994
1.112245 1.306122 538500556327.572754
1.122449 1.306122 538466716719.876038
1.132653 1.306122 538432926082.240723
1.142857 1.306122 538399181941.570374
1.153061 1.306122 538365481914.055237
1.163265 1.306122 538331823701.383789
1.173469 1.306122 538298205087.143921
1.183673 1.306122 538264623933.402405
1.193878 1.306122 538231078177.454590
1.204082 1.306122 538197565828.731628
1.214286 1.306122 538164084965.858887
1.224490 1.306122 538130633733.854919
1.234694 1.306122 538097210341.465759
1.244898 1.306122 538063813058.623840
1.255102 1.306122 538030440214.027344
1.265306 1.306122 537997090192.832397
1.275510 1.306122 537963761434.451538
1.285714 1.306122 537930452430.453918
1.295918 1.306122 537897161722.561218
1.306122 1.306122 537863887900.733215
1.316327 1.306122 537830629601.341064
1.326531 1.306122 537797385505.419800
1.336735 1.306122 537764154337.000977
1.346939 1.306122 537730934861.515137
1.357143 1.306122 537697725884.266907
1.367347 1.306122 537664526248.975159
1.377551 1.306122 537631334836.374512
1.387755 1.306122 537598150562.878906
1.397959 1.306122 537564972379.300171
1.408163 1.306122 537531799269.620789
1.418367 1.306122 537498630249.819214
1.428571 1.306122 537465464366.741638
1.438776 1.306122 537432300697.022461
1.448980 1.306122 537399138346.048279
1.459184 1.306122 537365976446.963440
1.469388 1.306122 537332814159.716248
1.479592 1.306122 537299650670.144226
1.489796 1.306122 537266485189.094055
1.500000 1.306122 537233316951.578857
1.000000 1.316327 538866584447.931885
1.010204 1.316327 538831890350.027893
1.020408 1.316327 538797279139.410339
1.030612 1.316327 538762747048.045105
1.040816 1.316327 538728290455.371521
1.051020 1.316327 538693905881.418518
1.061224 1.316327 538659589980.302917
1.071429 1.316327 538625339534.082092
1.081633 1.316327 538591151446.942383
1.091837 1.316327 538557022739.698853
1.102041 1.316327 538522950544.589417
1.112245 1.316327 538488932100.342834
1.122449 1.316327 538454964747.507080
1.132653 1.316327 538421045924.017456
1.142857 1.316327 538387173160.995850
1.153061 1.316327 538353344078.761963
1.163265 1.316327 538319556383.047913
1.173469 1.316327 538285807861.401489
1.183673 1.316327 538252096379.770020
1.193878 1.316327 538218419879.250610
1.204082 1.316327 538184776373.001831
1.214286 1.316327 538151163943.302795
1.224490 1.316327 538117580738.755920
1.234694 1.316327 538084024971.622559
1.244898 1.316327 538050494915.284180
1.255102 1.316327 538016988901.823975
1.265306 1.316327 537983505319.720520
1.275510 1.316327 537950042611.649109
1.285714 1.316327 537916599272.382202
1.295918 1.316327 537883173846.788452
1.306122 1.316327 537849764927.919434
1.316327 1.316327 537816371155.184143
1.326531 1.316327 537782991212.604004
1.336735 1.316327 537749623827.145264
1.346939 1.316327 537716267767.125122
1.357143 1.316327 537682921840.686584
1.367347 1.316327 537649584894.339722
1.377551 1.316327 537616255811.566223
1.387755 1.316327 537582933511.481995
1.397959 1.316327 537549616947.558655
1.408163 1.316327 537516305106.396667
1.418367 1.316327 537482997006.551147
1.428571 1.316327 537449691697.406250
1.438776 1.316327 537416388258.095154
1.448980 1.316327 537383085796.465698
1.459184 1.316327 537349783448.087036
1.469388 1.316327 537316480375.296326
1.479592 1.316327 537283175766.284973
1.489796 1.316327 537249868834.220154
1.500000 1.316327 537216558816.401123
1.000000 1.326531 538856446432.176514
1.010204 1.326531 538821629488.772949
1.020408 1.326531 538786894949.766052
1.030612 1.326531 538752239052.294250
1.040816 1.326531 538717658180.845093
1.051020 1.326531 538683148860.377380
1.061224 1.326531 538648707749.822144
1.071429 1.326531 538614331635.941162
1.081633 1.326531 538580017427.518250
1.091837 1.326531 538545762149.863831
1.102041 1.326531 538511562939.611755
1.112245 1.326531 538477417039.791687
1.122449 1.326531 538443321795.159790
1.132653 1.326531 538409274647.771240
1.142857 1.326531 538375273132.781189
1.153061 1.326531 538341314874.460083
1.163265 1.326531 538307397582.410095
1.173469 1.326531 538273519047.971985
1.183673 1.326531 538239677140.810059
1.193878 1.326531 538205869805.666443
1.204082 1.326531 538172095059.273743
1.214286 1.326531 538138350987.417236
1.224490 1.326531 538104635742.139771
1.234694 1.326531 538070947539.078247
1.244898 1.326531 538037284654.928284
1.255102 1.326531 538003645425.026672
1.265306 1.326531 537970028241.047485
1.275510 1.326531 537936431548.804260
1.285714 1.326531 537902853846.153442
1.295918 1.326531 537869293680.993347
1.306122 1.326531 537835749649.354126
1.316327 1.326531 537802220393.572327
1.326531 1.326531 537768704600.547974
1.336735 1.326531 537735201000.078857
1.346939 1.326531 537701708363.266296
1.357143 1.326531 537668225500.993103
1.367347 1.326531 537634751262.465149
1.377551 1.326531 537601284533.816833
1.387755 1.326531 537567824236.775757
1.397959 1.326531 537534369327.384277
1.408163 1.326531 537500918794.774414
1.418367 1.326531 537467471659.994263
1.428571 1.326531 537434026974.883484
1.438776 1.326531 537400583820.994507
1.448980 1.326531 537367141308.558594
1.459184 1.326531 537333698575.493408
1.469388 1.326531 537300254786.451355
1.479592 1.326531 537266809131.905518
1.489796 1.326531 537233360827.272644
1.500000 1.326531 537199909112.070435
1.000000 1.336735 538846417176.102173
1.010204 1.336735 538811477144.521301
1.020408 1.336735 538776619045.282166
1.030612 1.336735 538741839120.432434
1.040816 1.336735 538707133759.255249
1.051020 1.336735 538672499491.393677
1.061224 1.336735 538637932980.357666
1.071429 1.336735 538603431017.384949
1.081633 1.336735 538568990515.637390
1.091837 1.336735 538534608504.707336
1.102041 1.336735 538500282125.419556
1.112245 1.336735 538466008624.905762
1.122449 1.336735 538431785351.938354
1.132653 1.336735 538397609752.506531
1.142857 1.336735 538363479365.618896
1.153061 1.336735 538329391819.322388
1.163265 1.336735 538295344826.920959
1.173469 1.336735 538261336183.384644
1.183673 1.336735 538227363761.937012
1.193878 1.336735 538193425510.811646
1.204082 1.336735 538159519450.166870
1.214286 1.336735 538125643669.150208
1.224490 1.336735 538091796323.104492
1.234694 1.336735 538057975630.907288
1.244898 1.336735 538024179872.436707
1.255102 1.336735 537990407386.155396
1.265306 1.336735 537956656566.808655
1.275510 1.336735 537922925863.228577
1.285714 1.336735 537889213776.237793
1.295918 1.336735 537855518856.651672
1.306122 1.336735 537821839703.367615
1.316327 1.336735 537788174961.542847
1.326531 1.336735 537754523320.851868
1.336735 1.336735 537720883513.821289
1.346939 1.336735 537687254314.239258
1.357143 1.336735 537653634535.631592
1.367347 1.336735 537620023029.806519
1.377551 1.336735 537586418685.460449
1.387755 1.336735 537552820426.843750
1.397959 1.336735 537519227212.483521
1.408163 1.336735 537485638033.958984
1.418367 1.336735 537452051914.729553
1.428571 1.336735 537418467909.010803
1.438776 1.336735 537384885100.696350
1.448980 1.336735 537351302602.325317
1.459184 1.336735 537317719554.090210
1.469388 1.336735 537284135122.886108
1.479592 1.336735 537250548501.398071
1.489796 1.336735 537216958907.223511
1.500000 1.336735 537183365582.031738
1.000000 1.346939 538836494116.501221
1.010204 1.346939 538801430766.469788
1.020408 1.346939 538766448887.284180
1.030612 1.346939 538731544725.645813
1.040816 1.346939 538696714675.385681
1.051020 1.346939 538661955270.594055
1.061224 1.346939 538627263179.129456
1.071429 1.346939 538592635196.484253
1.081633 1.346939 538558068239.983704
1.091837 1.346939 538523559343.295959
1.102041 1.346939 538489105651.236084
1.112245 1.346939 538454704414.844666
1.122449 1.346939 538420352986.723511
1.132653 1.346939 538386048816.614502
1.142857 1.346939 538351789447.205261
1.153061 1.346939 538317572510.149841
1.163265 1.346939 538283395722.289551
1.173469 1.346939 538249256882.064941
1.183673 1.346939 538215153866.104919
1.193878 1.346939 538181084625.985657
1.204082 1.346939 538147047185.146423
1.214286 1.346939 538113039635.956665
1.224490 1.346939 538079060136.923462
1.234694 1.346939 538045106910.032898
1.244898 1.346939 538011178238.217529
1.255102 1.346939 537977272462.941895
1.265306 1.346939 537943387981.901794
1.275510 1.346939 537909523246.830322
1.285714 1.346939 537875676761.403137
1.295918 1.346939 537841847079.241150
1.306122 1.346939 537808032802.002625
1.316327 1.346939 537774232577.560120
1.326531 1.346939 537740445098.260925
1.336735 1.346939 537706669099.263000
1.346939 1.346939 537672903356.943665
1.357143 1.346939 537639146687.379211
1.367347 1.346939 537605397944.888794
1.377551 1.346939 537571656020.642334
1.387755 1.346939 537537919841.326843
1.397959 1.346939 537504188367.869812
1.408163 1.346939 537470460594.216431
1.418367 1.346939 537436735546.157715
1.428571 1.346939 537403012280.206909
1.438776 1.346939 537369289882.523682
1.448980 1.346939 537335567467.880920
1.459184 1.346939 537301844178.674194
1.469388 1.346939 537268119183.971558
1.479592 1.346939 537234391678.600891
1.489796 1.346939 537200660882.274231
1.500000 1.346939 537166926038.746887
1.000000 1.357143 538826674771.849182
1.010204 1.357143 538791487885.031433
1.020408 1.357143 538756382017.855713
1.030612 1.357143 538721353421.427856
1.040816 1.357143 538686398493.887268
1.051020 1.357143 538651513773.539124
1.061224 1.357143 538616695932.367371
1.071429 1.357143 538581941769.903198
1.081633 1.357143 538547248207.426392
1.091837 1.357143 538512612282.479736
1.102041 1.357143 538478031143.674072
1.112245 1.357143 538443502045.770691
1.122449 1.357143 538409022345.018677
1.132653 1.357143 538374589494.736755
1.142857 1.357143 538340201041.121216
1.153061 1.357143 538305854619.267700
1.163265 1.357143 538271547949.396301
1.173469 1.357143 538237278833.262756
1.183673 1.357143 538203045150.752014
1.193878 1.357143 538168844856.637085
1.204082 1.357143 538134675977.497437
1.214286 1.357143 538100536608.788269
1.224490 1.357143 538066424912.048584
1.234694 1.357143 538032339112.244690
1.244898 1.357143 537998277495.238525
1.255102 1.357143 537964238405.375610
1.265306 1.357143 537930220243.185303
1.275510 1.357143 537896221463.187134
1.285714 1.357143 537862240571.799072
1.295918 1.357143 537828276125.340454
1.306122 1.357143 537794326728.124634
1.316327 1.357143 537760391030.638855
1.326531 1.357143 537726467727.804199
1.336735 1.357143 537692555557.313049
1.346939 1.357143 537658653298.039307
1.357143 1.357143 537624759768.517761
1.367347 1.357143 537590873825.490601
1.377551 1.357143 537556994362.514648
1.387755 1.357143 537523120308.629883
1.397959 1.357143 537489250627.082458
1.408163 1.357143 537455384314.103516
1.418367 1.357143 537421520397.737915
1.428571 1.357143 537387657936.721802
1.438776 1.357143 537353796019.406799
1.448980 1.357143 537319933762.727722
1.459184 1.357143 537286070311.213379
1.469388 1.357143 537252204836.035889
1.479592 1.357143 537218336534.100098
1.489796 1.357143 537184464627.167725
1.500000 1.357143 537150588361.016235
1.000000 1.367347 538816956739.084961
1.010204 1.367347 538781646108.635254
1.020408 1.367347 538746416056.657166
1.030612 1.367347 538711262838.419312
1.040816 1.367347 538676182856.135315
1.051020 1.367347 538641172652.099976
1.061224 1.367347 538606228902.205261
1.071429 1.367347 538571348409.810547
1.081633 1.367347 538536528099.947937
1.091837 1.367347 538501765013.838135
1.102041 1.367347 538467056303.698792
1.112245 1.367347 538432399227.828125
1.122449 1.367347 538397791145.946045
1.132653 1.367347 538363229514.776489
1.142857 1.367347 538328711883.858276
1.153061 1.367347 538294235891.568970
1.163265 1.367347 538259799261.350891
1.173469 1.367347 538225399798.125427
1.183673 1.367347 538191035384.886902
1.193878 1.367347 538156703979.464233
1.204082 1.367347 538122403611.440491
1.214286 1.367347 538088132379.222961
1.224490 1.367347 538053888447.254150
1.234694 1.367347 538019670043.355225
1.244898 1.367347 537985475456.196777
1.255102 1.367347 537951303032.887146
1.265306 1.367347 537917151176.674683
1.275510 1.367347 537883018344.754761
1.285714 1.367347 537848903046.179688
1.295918 1.367347 537814803839.861938
1.306122 1.367347 537780719332.668884
1.316327 1.367347 537746648177.602783
1.326531 1.367347 537712589072.062439
1.336735 1.367347 537678540756.181091
1.346939 1.367347 537644502011.237671
1.357143 1.367347 537610471658.137573
1.367347 1.367347 537576448555.959229
1.377551 1.367347 537542431600.562744
1.387755 1.367347 537508419723.258606
1.397959 1.367347 537474411889.532837
1.408163 1.367347 537440407097.824585
1.418367 1.367347 537406404378.357300
1.428571 1.367347 537372402792.016235
1.438776 1.367347 537338401429.272888
1.448980 1.367347 537304399409.154541
1.459184 1.367347 537270395878.254700
1.469388 1.367347 537236390009.783691
1.479592 1.367347 537202381002.657959
1.489796 1.367347 537168368080.625122
1.500000 1.367347 537134350491.424194
1.000000 1.377551 538807337690.542358
1.010204 1.377551 538771903120.675476
1.020408 1.377551 538736548697.894043
1.030612 1.377551 538701270681.393127
1.040816 1.377551 538666065477.233032
1.051020 1.377551 538630929631.479126
1.061224 1.377551 538595859823.718628
1.071429 1.377551 538560852860.935425
1.081633 1.377551 538525905671.715881
1.091837 1.377551 538491015300.767761
1.102041 1.377551 538456178903.731018
1.112245 1.377551 538421393742.263062
1.122449 1.377551 538386657179.381470
1.132653 1.377551 538351966675.048706
1.142857 1.377551 538317319781.984924
1.153061 1.377551 538282714141.692993
1.163265 1.377551 538248147480.686340
1.173469 1.377551 538213617606.905090
1.183673 1.377551 538179122406.311462
1.193878 1.377551 538144659839.652283
1.204082 1.377551 538110227939.380798
1.214286 1.377551 538075824806.727417
1.224490 1.377551 538041448608.911987
1.234694 1.377551 538007097576.489380
1.244898 1.377551 537972770000.820435
1.255102 1.377551 537938464231.661560
1.265306 1.377551 537904178674.868958
1.275510 1.377551 537869911790.205627
1.285714 1.377551 537835662089.253113
1.295918 1.377551 537801428133.415039
1.306122 1.377551 537767208532.013123
1.316327 1.377551 537733001940.469177
1.326531 1.377551 537698807058.565063
1.336735 1.377551 537664622628.783936
1.346939 1.377551 537630447434.721252
1.357143 1.377551 537596280299.566467
1.367347 1.377551 537562120084.650146
1.377551 1.377551 537527965688.054138
1.387755 1.377551 537493816043.280090
1.397959 1.377551 537459670117.975464
1.408163 1.377551 537425526912.712769
1.418367 1.377551 537391385459.820068
1.428571 1.377551 537357244822.259766
1.438776 1.377551 537323104092.554016
1.448980 1.377551 537288962391.754150
1.459184 1.377551 537254818868.451843
1.469388 1.377551 537220672697.830933
1.479592 1.377551 537186523080.756287
1.489796 1.377551 537152369242.900146
1.500000 1.377551 537118210433.902588
1.000000 1.387755 538797815371.022705
1.010204 1.387755 538762256676.603577
1.020408 1.387755 538726777707.425659
1.030612 1.387755 538691374726.380737
1.040816 1.387755 538656044143.154785
1.051020 1.387755 538620782507.369141
1.061224 1.387755 538585586502.100647
1.071429 1.387755 538550452937.757935
1.081633 1.387755 538515378746.289673
1.091837 1.387755 538480360975.704895
1.102041 1.387755 538445396784.886047
1.112245 1.387755 538410483438.675720
1.122449 1.387755 538375618303.221619
1.132653 1.387755 538340798841.562439
1.142857 1.387755 538306022609.441772
1.153061 1.387755 538271287251.335999
1.163265 1.387755 538236590496.682434
1.173469 1.387755 538201930156.296997
1.183673 1.387755 538167304118.971375
1.193878 1.387755 538132710348.236450
1.204082 1.387755 538098146879.285522
1.214286 1.387755 538063611816.046204
1.224490 1.387755 538029103328.393738
1.234694 1.387755 537994619649.497925
1.244898 1.387755 537960159073.294556
1.255102 1.387755 537925719952.077026
1.265306 1.387755 537891300694.200012
1.275510 1.387755 537856899761.889832
1.285714 1.387755 537822515669.153931
1.295918 1.387755 537788146979.788452
1.306122 1.387755 537753792305.473022
1.316327 1.387755 537719450303.953735
1.326531 1.387755 537685119677.305481
1.336735 1.387755 537650799170.272339
1.346939 1.387755 537616487568.679382
1.357143 1.387755 537582183697.916199
1.367347 1.387755 537547886421.483887
1.377551 1.387755 537513594639.606201
1.387755 1.387755 537479307287.898193
1.397959 1.387755 537445023336.093750
1.408163 1.387755 537410741786.824768
1.418367 1.387755 537376461674.452271
1.428571 1.387755 537342182063.946289
1.438776 1.387755 537307902049.811157
1.448980 1.387755 537273620755.055969
1.459184 1.387755 537239337330.206421
1.469388 1.387755 537205050952.355896
1.479592 1.387755 537170760824.256897
1.489796 1.387755 537136466173.445923
1.500000 1.387755 537102166251.405518
1.000000 1.397959 538788387595.002136
1.010204 1.397959 538752704601.151123
1.020408 1.397959 538717100920.005493
1.030612 1.397959 538681572817.929443
1.040816 1.397959 538646116708.018555
1.051020 1.397959 538610729143.242432
1.061224 1.397959 538575406809.966553
1.071429 1.397959 538540146521.830200
1.081633 1.397959 538504945213.956848
1.091837 1.397959 538469799937.476013
1.102041 1.397959 538434707854.337158
1.112245 1.397959 538399666232.399719
1.122449 1.397959 538364672440.777466
1.132653 1.397959 538329723945.426636
1.142857 1.397959 538294818304.962036
1.153061 1.397959 538259953166.684875
1.163265 1.397959 538225126262.812439
1.173469 1.397959 538190335406.898071
1.183673 1.397959 538155578490.427856
1.193878 1.397959 538120853479.586121
1.204082 1.397959 538086158412.179871
1.214286 1.397959 538051491394.710999
1.224490 1.397959 538016850599.591370
1.234694 1.397959 537982234262.489563
1.244898 1.397959 537947640679.804749
1.255102 1.397959 537913068206.258545
1.265306 1.397959 537878515252.598694
1.275510 1.397959 537843980283.411377
1.285714 1.397959 537809461815.031311
1.295918 1.397959 537774958413.549377
1.306122 1.397959 537740468692.909363
1.316327 1.397959 537705991313.090576
1.326531 1.397959 537671524978.371338
1.336735 1.397959 537637068435.669861
1.346939 1.397959 537602620472.957458
1.357143 1.397959 537568179917.741699
1.367347 1.397959 537533745635.614380
1.377551 1.397959 537499316528.863037
1.387755 1.397959 537464891535.141541
1.397959 1.397959 537430469626.196045
1.408163 1.397959 537396049806.646057
1.418367 1.397959 537361631112.816101
1.428571 1.397959 537327212611.615540
1.438776 1.397959 537292793399.464783
1.448980 1.397959 537258372601.265991
1.459184 1.397959 537223949369.415405
1.469388 1.397959 537189522882.855164
1.479592 1.397959 537155092346.164978
1.489796 1.397959 537120656988.687195
1.500000 1.397959 537086216063.689697
1.000000 1.408163 538779052243.966553
1.010204 1.408163 538743244785.682861
1.020408 1.408163 538707516236.649109
1.030612 1.408163 538671862866.485107
1.040816 1.408163 538636281091.485474
1.051020 1.408163 538600767467.765137
1.061224 1.408163 538565318684.782349
1.071429 1.408163 538529931559.218628
1.081633 1.408163 538494603029.189270
1.091837 1.408163 538459330148.767700
1.102041 1.408163 538424110082.801208
1.112245 1.408163 538388940101.999817
1.122449 1.408163 538353817578.284424
1.132653 1.408163 538318739980.375427
1.142857 1.408163 538283704869.608765
1.153061 1.408163 538248709895.966309
1.163265 1.408163 538213752794.305725
1.173469 1.408163 538178831380.781860
1.183673 1.408163 538143943549.444275
1.193878 1.408163 538109087269.003723
1.204082 1.408163 538074260579.757141
1.214286 1.408163 538039461590.661377
1.224490 1.408163 538004688476.548828
1.234694 1.408163 537969939475.474792
1.244898 1.408163 537935212886.192444
1.255102 1.408163 537900507065.744812
1.265306 1.408163 537865820427.170898
1.275510 1.408163 537831151437.316040
1.285714 1.408163 537796498614.745239
1.295918 1.408163 537761860527.750183
1.306122 1.408163 537727235792.446594
1.316327 1.408163 537692623070.957947
1.326531 1.408163 537658021069.679443
1.336735 1.408163 537623428537.619263
1.346939 1.408163 537588844264.812683
1.357143 1.408163 537554267080.805115
1.367347 1.408163 537519695853.201782
1.377551 1.408163 537485129486.278809
1.387755 1.408163 537450566919.654236
1.397959 1.408163 537416007127.015442
1.408163 1.408163 537381449114.899719
1.418367 1.408163 537346891921.526855
1.428571 1.408163 537312334615.679321
1.438776 1.408163 537277776295.628723
1.448980 1.408163 537243216088.107605
1.459184 1.408163 537208653147.321106
1.469388 1.408163 537174086654.000610
1.479592 1.408163 537139515814.494019
1.489796 1.408163 537104939859.893188
1.500000 1.408163 537070358045.195496
1.000000 1.418367 538769807263.868469
1.010204 1.418367 538733875185.666443
1.020408 1.418367 538698021622.120605
1.030612 1.418367 538662242845.893616
1.040816 1.418367 538626535276.274475
1.051020 1.418367 538590895472.326172
1.061224 1.418367 538555320126.408875
1.071429 1.418367 538519806058.061707
1.081633 1.418367 538484350208.214539
1.091837 1.418367 538448949633.713257
1.102041 1.418367 538413601502.135498
1.112245 1.418367 538378303086.882935
1.122449 1.418367 538343051762.527771
1.132653 1.418367 538307845000.403809
1.142857 1.418367 538272680364.423523
1.153061 1.418367 538237555507.107910
1.163265 1.418367 538202468165.819763
1.173469 1.418367 538167416159.182800
1.183673 1.418367 538132397383.682129
1.193878 1.418367 538097409810.431335
1.204082 1.418367 538062451482.097107
1.214286 1.418367 538027520509.974609
1.224490 1.418367 537992615071.203674
1.234694 1.418367 537957733406.116882
1.244898 1.418367 537922873815.714539
1.255102 1.418367 537888034659.258789
1.265306 1.418367 537853214351.978271
1.275510 1.418367 537818411362.881104
1.285714 1.418367 537783624212.667725
1.295918 1.418367 537748851471.738342
1.306122 1.418367 537714091758.291626
1.316327 1.418367 537679343736.508179
1.326531 1.418367 537644606114.815369
1.336735 1.418367 537609877644.229370
1.346939 1.418367 537575157116.769348
1.357143 1.418367 537540443363.941223
1.367347 1.418367 537505735255.287415
1.377551 1.418367 537471031696.998962
1.387755 1.418367 537436331630.586731
1.397959 1.418367 537401634031.609009
1.408163 1.418367 537366937908.453125
1.418367 1.418367 537332242301.167664
1.428571 1.418367 537297546280.343384
1.438776 1.418367 537262848946.040710
1.448980 1.418367 537228149426.760437
1.459184 1.418367 537193446878.457397
1.469388 1.418367 537158740483.593262
1.479592 1.418367 537124029450.227661
1.489796 1.418367 537089313011.145752
1.500000 1.418367 537054590423.020813
1.000000 1.428571 538760650662.695740
1.010204 1.428571 538724593818.257996
1.020408 1.428571 538688615102.531433
1.030612 1.428571 538652710791.014404
1.040816 1.428571 538616877305.791077
1.051020 1.428571 538581111208.679321
1.061224 1.428571 538545409194.756042
1.071429 1.428571 538509768086.238647
1.081633 1.428571 538474184826.697937
1.091837 1.428571 538438656475.584656
1.102041 1.428571 538403180203.045776
1.112245 1.428571 538367753285.017212
1.122449 1.428571 538332373098.571655
1.132653 1.428571 538297037117.510376
1.142857 1.428571 538261742908.179932
1.153061 1.428571 538226488125.504211
1.163265 1.428571 538191270509.217163
1.173469 1.428571 538156087880.283752
1.183673 1.428571 538120938137.499878
1.193878 1.428571 538085819254.260620
1.204082 1.428571 538050729275.485718
1.214286 1.428571 538015666314.695435
1.224490 1.428571 537980628551.226257
1.234694 1.428571 537945614227.581665
1.244898 1.428571 537910621646.905518
1.255102 1.428571 537875649170.577515
1.265306 1.428571 537840695215.919189
1.275510 1.428571 537805758254.006165
1.285714 1.428571 537770836807.581726
1.295918 1.428571 537735929449.065308
1.306122 1.428571 537701034798.651245
1.316327 1.428571 537666151522.492676
1.326531 1.428571 537631278330.967163
1.336735 1.428571 537596413977.018372
1.346939 1.428571 537561557254.571411
1.357143 1.428571 537526706997.016785
1.367347 1.428571 537491862075.760742
1.377551 1.428571 537457021398.837097
1.387755 1.428571 537422183909.579773
1.397959 1.428571 537387348585.349854
1.408163 1.428571 537352514436.318054
1.418367 1.428571 537317680504.297302
1.428571 1.428571 537282845861.623779
1.438776 1.428571 537248009610.084839
1.448980 1.428571 537213170879.890503
1.459184 1.428571 537178328828.686157
1.469388 1.428571 537143482640.607300
1.479592 1.428571 537108631525.369385
1.489796 1.428571 537073774717.397461
1.500000 1.428571 537038911474.986816
1.000000 1.438776 538751580508.151611
1.010204 1.438776 538715398759.995361
1.020408 1.438776 538679294763.047791
1.030612 1.438776 538643264795.440674
1.040816 1.438776 538607305281.859375
1.051020 1.438776 538571412786.689453
1.061224 1.438776 538535584007.542908
1.071429 1.438776 538499815769.140320
1.081633 1.438776 538464105017.525208
1.091837 1.438776 538428448814.589722
1.102041 1.438776 538392844332.892578
1.112245 1.438776 538357288850.751404
1.122449 1.438776 538321779747.591980
1.132653 1.438776 538286314499.539917
1.142857 1.438776 538250890675.238342
1.153061 1.438776 538215505931.880371
1.163265 1.438776 538180158011.441711
1.173469 1.438776 538144844737.102722
1.183673 1.438776 538109564009.849121
1.193878 1.438776 538074313805.239563
1.204082 1.438776 538039092170.332825
1.214286 1.438776 538003897220.763428
1.224490 1.438776 537968727137.957581
1.234694 1.438776 537933580166.484619
1.244898 1.438776 537898454611.531677
1.255102 1.438776 537863348836.497986
1.265306 1.438776 537828261260.702026
1.275510 1.438776 537793190357.194702
1.285714 1.438776 537758134650.672424
1.295918 1.438776 537723092715.486206
1.306122 1.438776 537688063173.741333
1.316327 1.438776 537653044693.481018
1.326531 1.438776 537618035986.952148
1.336735 1.438776 537583035808.948242
1.346939 1.438776 537548042955.224365
1.357143 1.438776 537513056260.981995
1.367347 1.438776 537478074599.418579
1.377551 1.438776 537443096880.341370
1.387755 1.438776 537408122048.838745
1.397959 1.438776 537373149084.007935
1.408163 1.438776 537338176997.738953
1.418367 1.438776 537303204833.545715
1.428571 1.438776 537268231665.448730
1.438776 1.438776 537233256596.902222
1.448980 1.438776 537198278759.766663
1.459184 1.438776 537163297313.321655
1.469388 1.438776 537128311443.320557
1.479592 1.438776 537093320361.081238
1.489796 1.438776 537058323302.615051
1.500000 1.438776 537023319527.788452
1.000000 1.448980 538742594925.436096
1.010204 1.448980 538706288144.592834
1.020408 1.448980 538670058745.697815
1.030612 1.448980 538633903009.320618
1.040816 1.448980 538597817362.557678
1.051020 1.448980 538561798372.178894
1.061224 1.448980 538525842738.155334
1.071429 1.448980 538489947287.540833
1.081633 1.448980 538454108968.686157
1.091837 1.448980 538418324845.766296
1.102041 1.448980 538382592093.597778
1.112245 1.448980 538346907992.731445
1.122449 1.448980 538311269924.802612
1.132653 1.448980 538275675368.121887
1.142857 1.448980 538240121893.494629
1.153061 1.448980 538204607160.252502
1.163265 1.448980 538169128912.487061
1.173469 1.448980 538133684975.472107
1.183673 1.448980 538098273252.264221
1.193878 1.448980 538062891720.471680
1.204082 1.448980 538027538429.180481
1.214286 1.448980 537992211496.031006
1.224490 1.448980 537956909104.435608
1.234694 1.448980 537921629500.927612
1.244898 1.448980 537886370992.638306
1.255102 1.448980 537851131944.891174
1.265306 1.448980 537815910778.909058
1.275510 1.448980 537780705969.627441
1.285714 1.448980 537745516043.608337
1.295918 1.448980 537710339577.049622
1.306122 1.448980 537675175193.883850
1.316327 1.448980 537640021563.964233
1.326531 1.448980 537604877401.329041
1.336735 1.448980 537569741462.545227
1.346939 1.448980 537534612545.124084
1.357143 1.448980 537499489486.005188
1.367347 1.448980 537464371160.108093
1.377551 1.448980 537429256478.944336
1.387755 1.448980 537394144389.290405
1.397959 1.448980 537359033871.915710
1.408163 1.448980 537323923940.365540
1.418367 1.448980 537288813639.793701
1.428571 1.448980 537253702045.844910
1.438776 1.448980 537218588263.582397
1.448980 1.448980 537183471426.459778
1.459184 1.448980 537148350695.335754
1.469388 1.448980 537113225257.527039
1.479592 1.448980 537078094325.901367
1.489796 1.448980 537042957138.004517
1.500000 1.448980 537007812955.224304
1.000000 1.459184 538733692095.124756
1.010204 1.459184 538697260160.833252
1.020408 1.459184 538660905247.277771
1.030612 1.459184 538624623637.274536
1.040816 1.459184 538588411760.145691
1.051020 1.459184 538552266184.868164
1.061224 1.459184 538516183613.599548
1.071429 1.459184 538480160875.560425
1.081633 1.459184 538444194921.249207
1.091837 1.459184 538408282816.968018
1.102041 1.459184 538372421739.641296
1.112245 1.459184 538336608971.908813
1.122449 1.459184 538300841897.474487
1.132653 1.459184 538265117996.699036
1.142857 1.459184 538229434842.418518
1.153061 1.459184 538193790095.976074
1.163265 1.459184 538158181503.456360
1.173469 1.459184 538122606892.107178
1.183673 1.459184 538087064166.941040
1.193878 1.459184 538051551307.503174
1.204082 1.459184 538016066364.798706
1.214286 1.459184 537980607458.369446
1.224490 1.459184 537945172773.510437
1.234694 1.459184 537909760558.620728
1.244898 1.459184 537874369122.680054
1.255102 1.459184 537838996832.842285
1.265306 1.459184 537803642112.144226
1.275510 1.459184 537768303437.317932
1.285714 1.459184 537732979336.705505
1.295918 1.459184 537697668388.268433
1.306122 1.459184 537662369217.686584
1.316327 1.459184 537627080496.543945
1.326531 1.459184 537591800940.594177
1.336735 1.459184 537556529308.103271
1.346939 1.459184 537521264398.266357
1.357143 1.459184 537486005049.691406
1.367347 1.459184 537450750138.950989
1.377551 1.459184 537415498579.194702
1.387755 1.459184 537380249318.822571
1.397959 1.459184 537345001340.212463
1.408163 1.459184 537309753658.504028
1.418367 1.459184 537274505320.430542
1.428571 1.459184 537239255403.202820
1.438776 1.459184 537204003013.435730
1.448980 1.459184 537168747286.121216
1.459184 1.459184 537133487383.642334
1.469388 1.459184 537098222494.826782
1.479592 1.459184 537062951834.040344
1.489796 1.459184 537027674640.313477
1.500000 1.459184 536992390176.506104
1.000000 1.469388 538724870251.142273
1.010204 1.469388 538688313050.552307
1.020408 1.469388 538651832517.347351
1.030612 1.469388 538615424936.402161
1.040816 1.469388 538579086739.085815
1.051020 1.469388 538542814496.407288
1.061224 1.469388 538506604912.543457
1.071429 1.469388 538470454818.719727
1.081633 1.469388 538434361167.425171
1.091837 1.469388 538398321026.938599
1.102041 1.469388 538362331576.145935
1.112245 1.469388 538326390099.634338
1.122449 1.469388 538290493983.040100
1.132653 1.469388 538254640708.641846
1.142857 1.469388 538218827851.177795
1.153061 1.469388 538183053073.879639
1.163265 1.469388 538147314124.704468
1.173469 1.469388 538111608832.758362
1.183673 1.469388 538075935104.896851
1.193878 1.469388 538040290922.493042
1.204082 1.469388 538004674338.365784
1.214286 1.469388 537969083473.854919
1.224490 1.469388 537933516516.039734
1.234694 1.469388 537897971715.088013
1.244898 1.469388 537862447381.733765
1.255102 1.469388 537826941884.870850
1.265306 1.469388 537791453649.261414
1.275510 1.469388 537755981153.348511
1.285714 1.469388 537720522927.171021
1.295918 1.469388 537685077550.372681
1.306122 1.469388 537649643650.302246
1.316327 1.469388 537614219900.197876
1.326531 1.469388 537578805017.454041
1.336735 1.469388 537543397761.963440
1.346939 1.469388 537507996934.534790
1.357143 1.469388 537472601375.375488
1.367347 1.469388 537437209962.645020
1.377551 1.469388 537401821611.065796
1.387755 1.469388 537366435270.597900
1.397959 1.469388 537331049925.166321
1.408163 1.469388 537295664591.444580
1.418367 1.469388 537260278317.688110
1.428571 1.469388 537224890182.615784
1.438776 1.469388 537189499294.339111
1.448980 1.469388 537154104789.333862
1.459184 1.469388 537118705831.454773
1.469388 1.469388 537083301610.989563
1.479592 1.469388 537047891343.751160
1.489796 1.469388 537012474270.206055
1.500000 1.469388 536977049654.638062
1.000000 1.479592 538716127678.820862
1.010204 1.479592 538679445106.711121
1.020408 1.479592 538642838856.312988
1.030612 1.479592 538606305214.378723
1.040816 1.479592 538569840614.147400
1.051020 1.479592 538533441628.491821
1.061224 1.479592 538497104963.443909
1.071429 1.479592 538460827452.075928
1.081633 1.479592 538424606048.715393
1.091837 1.479592 538388437823.469788
1.102041 1.479592 538352319957.044800
1.112245 1.479592 538316249735.836365
1.122449 1.479592 538280224547.280701
1.132653 1.479592 538244241875.444458
1.142857 1.479592 538208299296.844604
1.153061 1.479592 538172394476.479248
1.163265 1.479592 538136525164.061829
1.173469 1.479592 538100689190.442993
1.183673 1.479592 538064884464.211365
1.193878 1.479592 538029108968.462219
1.204082 1.479592 537993360757.724060
1.214286 1.479592 537957637955.035706
1.224490 1.479592 537921938749.162598
1.234694 1.479592 537886261391.947754
1.244898 1.479592 537850604195.787903
1.255102 1.479592 537814965531.228210
1.265306 1.479592 537779343824.669800
1.275510 1.479592 537743737556.183350
1.285714 1.479592 537708145257.422852
1.295918 1.479592 537672565509.635803
1.306122 1.479592 537636996941.762512
1.316327 1.479592 537601438228.620850
1.326531 1.479592 537565888089.173401
1.336735 1.479592 537530345284.869507
1.346939 1.479592 537494808618.061829
1.357143 1.479592 537459276930.491272
1.367347 1.479592 537423749101.838257
1.377551 1.479592 537388224048.335327
1.387755 1.479592 537352700721.440613
1.397959 1.479592 537317178106.566284
1.408163 1.479592 537281655221.861450
1.418367 1.479592 537246131117.045898
1.428571 1.479592 537210604872.291687
1.438776 1.479592 537175075597.152466
1.448980 1.479592 537139542429.535217
1.459184 1.479592 537104004534.715027
1.469388 1.479592 537068461104.388611
1.479592 1.479592 537032911355.767944
1.489796 1.479592 536997354530.707092
1.500000 1.479592 536961789894.867737
1.000000 1.489796 538707462713.045776
1.010204 1.489796 538670654671.550293
1.020408 1.489796 538633922613.594116
1.030612 1.489796 538597262827.629578
1.040816 1.489796 538560671748.594971
1.051020 1.489796 538524145951.060425
1.061224 1.489796 538487682142.754089
1.071429 1.489796 538451277158.441162
1.081633 1.489796 538414927954.138306
1.091837 1.489796 538378631601.638245
1.102041 1.489796 538342385283.327148
1.112245 1.489796 538306186287.276184
1.122449 1.489796 538270032002.590332
1.132653 1.489796 538233919914.999573
1.142857 1.489796 538197847602.676880
1.153061 1.489796 538161812732.269897
1.163265 1.489796 538125813055.133911
1.173469 1.489796 538089846403.753540
1.183673 1.489796 538053910688.343933
1.193878 1.489796 538018003893.618103
1.204082 1.489796 537982124075.713928
1.214286 1.489796 537946269359.271301
1.224490 1.489796 537910437934.647644
1.234694 1.489796 537874628055.268799
1.244898 1.489796 537838838035.105530
1.255102 1.489796 537803066246.267578
1.265306 1.489796 537767311116.710938
1.275510 1.489796 537731571128.052063
1.285714 1.489796 537695844813.481506
1.295918 1.489796 537660130755.772461
1.306122 1.489796 537624427585.382507
1.316327 1.489796 537588733978.636536
1.326531 1.489796 537553048655.993835
1.336735 1.489796 537517370380.391663
1.346939 1.489796 537481697955.659973
1.357143 1.489796 537446030225.007507
1.367347 1.489796 537410366069.572388
1.377551 1.489796 537374704407.035339
1.387755 1.489796 537339044190.292480
1.397959 1.489796 537303384406.184448
1.408163 1.489796 537267724074.278870
1.418367 1.489796 537232062245.703979
1.428571 1.489796 537196398002.031189
1.438776 1.489796 537160730454.203491
1.448980 1.489796 537125058741.507141
1.459184 1.489796 537089382030.587463
1.469388 1.489796 537053699514.501404
1.479592 1.489796 537018010411.811646
1.489796 1.489796 536982313965.714111
1.500000 1.489796 536946609443.201904
1.000000 1.500000 538698873736.477539
1.010204 1.500000 538661940134.823975
1.020408 1.500000 538625082185.867615
1.030612 1.500000 538588296179.586609
1.040816 1.500000 538551578552.451416
1.051020 1.500000 538514925880.569275
1.061224 1.500000 538478334873.207886
1.071429 1.500000 538441802366.675598
1.081633 1.500000 538405325318.533020
1.091837 1.500000 538368900802.117798
1.102041 1.500000 538332526001.360901
1.112245 1.500000 538296198205.877380
1.122449 1.500000 538259914806.315063
1.132653 1.500000 538223673289.943970
1.142857 1.500000 538187471236.474731
1.153061 1.500000 538151306314.089355
1.163265 1.500000 538115176275.673401
1.173469 1.500000 538079078955.238342
1.183673 1.500000 538043012264.520447
1.193878 1.500000 538006974189.749756
1.204082 1.500000 537970962788.575867
1.214286 1.500000 537934976187.143677
1.224490 1.500000 537899012577.310608
1.234694 1.500000 537863070213.995728
1.244898 1.500000 537827147412.656677
1.255102 1.500000 537791242546.883179
1.265306 1.500000 537755354046.104858
1.275510 1.500000 537719480393.403870
1.285714 1.500000 537683620123.429077
1.295918 1.500000 537647771820.405884
1.306122 1.500000 537611934116.234680
1.316327 1.500000 537576105688.676453
1.326531 1.500000 537540285259.619080
1.336735 1.500000 537504471593.419434
1.346939 1.500000 537468663495.319763
1.357143 1.500000 537432859809.932922
1.367347 1.500000 537397059419.792786
1.377551 1.500000 537361261243.968018
1.387755 1.500000 537325464236.734009
1.397959 1.500000 537289667386.302490
1.408163 1.500000 537253869713.604004
1.418367 1.500000 537218070271.121155
1.428571 1.500000 537182268141.771484
1.438776 1.500000 537146462437.835571
1.448980 1.500000 537110652299.929321
1.459184 1.500000 537074836896.018433
1.469388 1.500000 537039015420.472961
1.479592 1.500000 537003187093.159546
1.489796 1.500000 536967351158.569824
1.500000 1.500000 536931506884.984558
