1.000000 1.000000 539900863322.487000
1.010204 1.000000 539123436541.650818
1.020408 1.000000 538350777587.382507
1.030612 1.000000 537582753901.177856
1.040816 1.000000 536819238245.078430
1.051020 1.000000 536060108444.066101
1.061224 1.000000 535305247143.208069
1.071429 1.000000 534554541578.572571
1.081633 1.000000 533807883361.013672
1.091837 1.000000 533065168271.985596
1.102041 1.000000 532326296070.612305
1.112245 1.000000 531591170311.295898
1.122449 1.000000 530859698171.194397
1.132653 1.000000 530131790286.953796
1.142857 1.000000 529407360600.115723
1.153061 1.000000 528686326210.672791
1.163265 1.000000 527968607238.267761
1.173469 1.000000 527254126690.581421
1.183673 1.000000 526542810338.472839
1.193878 1.000000 525834586597.474854
1.204082 1.000000 525129386415.268250
1.214286 1.000000 524427143164.787476
1.224490 1.000000 523727792542.629211
1.234694 1.000000 523031272472.463074
1.244898 1.000000 522337523013.155579
1.255102 1.000000 521646486271.344727
1.265306 1.000000 520958106318.214539
1.275510 1.000000 520272329110.234680
1.285714 1.000000 519589102413.650818
1.295918 1.000000 518908375732.515320
1.306122 1.000000 518230100240.071350
1.316327 1.000000 517554228713.306091
1.326531 1.000000 516880715470.506470
1.336735 1.000000 516209516311.656067
1.346939 1.000000 515540588461.526489
1.357143 1.000000 514873890515.319031
1.367347 1.000000 514209382386.729126
1.377551 1.000000 513547025258.304138
1.387755 1.000000 512886781533.980896
1.397959 1.000000 512228614793.691956
1.408163 1.000000 511572489749.934753
1.418367 1.000000 510918372206.208313
1.428571 1.000000 510266229017.222839
1.438776 1.000000 509616028050.795776
1.448980 1.000000 508967738151.352051
1.459184 1.000000 508321329104.950256
1.469388 1.000000 507676771605.761414
1.479592 1.000000 507034037223.931091
1.489796 1.000000 506393098374.758789
1.500000 1.000000 505753928289.131409
1.000000 1.010204 539514491904.358276
1.010204 1.010204 538735508988.512146
1.020408 1.010204 537961274737.173035
1.030612 1.010204 537191657316.899231
1.040816 1.010204 536426530188.598633
1.051020 1.010204 535665771851.150024
1.061224 1.010204 534909265599.701416
1.071429 1.010204 534156899297.676575
1.081633 1.010204 533408565161.585876
1.091837 1.010204 532664159557.810669
1.102041 1.010204 531923582810.590820
1.112245 1.010204 531186739020.497681
1.122449 1.010204 530453535892.732483
1.132653 1.010204 529723884574.632935
1.142857 1.010204 528997699501.815918
1.153061 1.010204 528274898252.427307
1.163265 1.010204 527555401409.002747
1.173469 1.010204 526839132427.477966
1.183673 1.010204 526126017512.925415
1.193878 1.010204 525415985501.611267
1.204082 1.010204 524708967749.006165
1.214286 1.010204 524004898023.398743
1.224490 1.010204 523303712404.788452
1.234694 1.010204 522605349188.756348
1.244898 1.010204 521909748795.027161
1.255102 1.010204 521216853680.460571
1.265306 1.010204 520526608256.223389
1.275510 1.010204 519838958808.908325
1.285714 1.010204 519153853425.384277
1.295918 1.010204 518471241921.172668
1.306122 1.010204 517791075772.159546
1.316327 1.010204 517113308049.463257
1.326531 1.010204 516437893357.289124
1.336735 1.010204 515764787773.614258
1.346939 1.010204 515093948793.550964
1.357143 1.010204 514425335275.252014
1.367347 1.010204 513758907388.224670
1.377551 1.010204 513094626563.928223
1.387755 1.010204 512432455448.542419
1.397959 1.010204 511772357857.791870
1.408163 1.010204 511114298733.727478
1.418367 1.010204 510458244103.364380
1.428571 1.010204 509804161039.085144
1.438776 1.010204 509152017620.722229
1.448980 1.010204 508501782899.236084
1.459184 1.010204 507853426861.912476
1.469388 1.010204 507206920399.006409
1.479592 1.010204 506562235271.760986
1.489796 1.010204 505919344081.738953
1.500000 1.010204 505278220241.402588
1.000000 1.020408 539135075098.700134
1.010204 1.020408 538354497396.699646
1.020408 1.020408 537578650224.931091
1.030612 1.020408 536807402446.469421
1.040816 1.020408 536040628193.645203
1.051020 1.020408 535278206612.835938
1.061224 1.020408 534520021623.870117
1.071429 1.020408 533765961693.073608
1.081633 1.020408 533015919619.062744
1.091837 1.020408 532269792330.457031
1.102041 1.020408 531527480694.741272
1.112245 1.020408 530788889337.569153
1.122449 1.020408 530053926471.842834
1.132653 1.020408 529322503735.962524
1.142857 1.020408 528594536040.671143
1.153061 1.020408 527869941423.969482
1.163265 1.020408 527148640913.606567
1.173469 1.020408 526430558396.690674
1.183673 1.020408 525715620495.991089
1.193878 1.020408 525003756452.536255
1.204082 1.020408 524294898014.135376
1.214286 1.020408 523588979329.479126
1.224490 1.020408 522885936847.496033
1.234694 1.020408 522185709221.662109
1.244898 1.020408 521488237218.983521
1.255102 1.020408 520793463633.386780
1.265306 1.020408 520101333203.270813
1.275510 1.020408 519411792532.988281
1.285714 1.020408 518724790018.041931
1.295918 1.020408 518040275773.790649
1.306122 1.020408 517358201567.476257
1.316327 1.020408 516678520753.391724
1.326531 1.020408 516001188211.023071
1.336735 1.020408 515326160286.007996
1.346939 1.020408 514653394733.762817
1.357143 1.020408 513982850665.637451
1.367347 1.020408 513314488497.470093
1.377551 1.020408 512648269900.414551
1.387755 1.020408 511984157753.928162
1.397959 1.020408 511322116100.807556
1.408163 1.020408 510662110104.171997
1.418367 1.020408 510004106006.294434
1.428571 1.020408 509348071089.191101
1.438776 1.020408 508693973636.881531
1.448980 1.020408 508041782899.237732
1.459184 1.020408 507391469057.346375
1.469388 1.020408 506743003190.308655
1.479592 1.020408 506096357243.412415
1.489796 1.020408 505451503997.607971
1.500000 1.020408 504808417040.228516
1.000000 1.030612 538762382616.985840
1.010204 1.030612 537980173204.547913
1.020408 1.030612 537202677179.338318
1.030612 1.030612 536429764073.460510
1.040816 1.030612 535661308664.238464
1.051020 1.030612 534897190720.127686
1.061224 1.030612 534137294761.173218
1.071429 1.030612 533381509833.051208
1.081633 1.030612 532629729293.801331
1.091837 1.030612 531881850612.424805
1.102041 1.030612 531137775178.585693
1.112245 1.030612 530397408122.704163
1.122449 1.030612 529660658145.787659
1.132653 1.030612 528927437358.386841
1.142857 1.030612 528197661128.113708
1.153061 1.030612 527471247935.191833
1.163265 1.030612 526748119235.550354
1.173469 1.030612 526028199331.006531
1.183673 1.030612 525311415246.111267
1.193878 1.030612 524597696611.262817
1.204082 1.030612 523886975551.717346
1.214286 1.030612 523179186582.156433
1.224490 1.030612 522474266506.485657
1.234694 1.030612 521772154322.565979
1.244898 1.030612 521072791131.596863
1.255102 1.030612 520376120051.889343
1.265306 1.030612 519682086136.781006
1.275510 1.030612 518990636296.465515
1.285714 1.030612 518301719223.518799
1.295918 1.030612 517615285321.921143
1.306122 1.030612 516931286639.385681
1.316327 1.030612 516249676802.813843
1.326531 1.030612 515570410956.712219
1.336735 1.030612 514893445704.414673
1.346939 1.030612 514218739051.959412
1.357143 1.030612 513546250354.484985
1.367347 1.030612 512875940265.014404
1.377551 1.030612 512207770685.503296
1.387755 1.030612 511541704720.037720
1.397959 1.030612 510877706630.072815
1.408163 1.030612 510215741791.608704
1.418367 1.030612 509555776654.207581
1.428571 1.030612 508897778701.761597
1.438776 1.030612 508241716414.923096
1.448980 1.030612 507587559235.117798
1.459184 1.030612 506935277530.064209
1.469388 1.030612 506284842560.724915
1.479592 1.030612 505636226449.623718
1.489796 1.030612 504989402150.460754
1.500000 1.030612 504344343418.967590
1.000000 1.040816 538396194288.993225
1.010204 1.040816 537612317884.952759
1.020408 1.040816 536833138681.603882
1.030612 1.040816 536058526853.597412
1.040816 1.040816 535288357797.788574
1.051020 1.040816 534522511880.217773
1.061224 1.040816 533760874197.575134
1.071429 1.040816 533003334352.193909
1.081633 1.040816 532249786239.678284
1.091837 1.040816 531500127848.350586
1.102041 1.040816 530754261069.750671
1.112245 1.040816 530012091519.487671
1.122449 1.040816 529273528367.785706
1.132653 1.040816 528538484179.118469
1.142857 1.040816 527806874760.368652
1.153061 1.040816 527078619016.985779
1.163265 1.040816 526353638816.658020
1.173469 1.040816 525631858860.040771
1.183673 1.040816 524913206558.122253
1.193878 1.040816 524197611915.828552
1.204082 1.040816 523485007421.505066
1.214286 1.040816 522775327941.927734
1.224490 1.040816 522068510622.525024
1.234694 1.040816 521364494792.513306
1.244898 1.040816 520663221874.663513
1.255102 1.040816 519964635299.438721
1.265306 1.040816 519268680423.258545
1.275510 1.040816 518575304450.659851
1.285714 1.040816 517884456360.139709
1.295918 1.040816 517196086833.480347
1.306122 1.040816 516510148188.364685
1.316327 1.040816 515826594314.108276
1.326531 1.040816 515145380610.339294
1.336735 1.040816 514466463928.471741
1.346939 1.040816 513789802515.823120
1.357143 1.040816 513115355962.240784
1.367347 1.040816 512443085149.106201
1.377551 1.040816 511772952200.593506
1.387755 1.040816 511104920437.069824
1.397959 1.040816 510438954330.526733
1.408163 1.040816 509775019461.942200
1.418367 1.040816 509113082480.475037
1.428571 1.040816 508453111064.403198
1.438776 1.040816 507795073883.718018
1.448980 1.040816 507138940564.294250
1.459184 1.040816 506484681653.560242
1.469388 1.040816 505832268587.594360
1.479592 1.040816 505181673659.580566
1.489796 1.040816 504532869989.558716
1.500000 1.040816 503885831495.406555
1.000000 1.051020 538036299516.337036
1.010204 1.051020 537250722403.702637
1.020408 1.051020 536469827228.498108
1.030612 1.051020 535693484782.398865
1.040816 1.051020 534921571057.249634
1.051020 1.051020 534153966993.065979
1.061224 1.051020 533390558240.462097
1.071429 1.051020 532631234936.550964
1.081633 1.051020 531875891493.430237
1.091837 1.051020 531124426398.436707
1.102041 1.051020 530376742025.412231
1.112245 1.051020 529632744456.277039
1.122449 1.051020 528892343312.259705
1.132653 1.051020 528155451594.179810
1.142857 1.051020 527421985531.219666
1.153061 1.051020 526691864437.664062
1.163265 1.051020 525965010577.122559
1.173469 1.051020 525241349033.781494
1.183673 1.051020 524520807590.264954
1.193878 1.051020 523803316611.712463
1.204082 1.051020 523088808935.706848
1.214286 1.051020 522377219767.712402
1.224490 1.051020 521668486581.701416
1.234694 1.051020 520962549025.674805
1.244898 1.051020 520259348831.795532
1.255102 1.051020 519558829730.876648
1.265306 1.051020 518860937370.977478
1.275510 1.051020 518165619239.883179
1.285714 1.051020 517472824591.249512
1.295918 1.051020 516782504374.217407
1.306122 1.051020 516094611166.304443
1.316327 1.051020 515409099109.400513
1.326531 1.051020 514725923848.699524
1.336735 1.051020 514045042474.412598
1.346939 1.051020 513366413466.117310
1.357143 1.051020 512689996639.603760
1.367347 1.051020 512015753096.088989
1.377551 1.051020 511343645173.678406
1.387755 1.051020 510673636400.958923
1.397959 1.051020 510005691452.615784
1.408163 1.051020 509339776106.971436
1.418367 1.051020 508675857205.351807
1.428571 1.051020 508013902613.186462
1.438776 1.051020 507353881182.760254
1.448980 1.051020 506695762717.533752
1.459184 1.051020 506039517937.958313
1.469388 1.051020 505385118448.710510
1.479592 1.051020 504732536707.281982
1.489796 1.051020 504081745993.857117
1.500000 1.051020 503432720382.419739
1.000000 1.061224 537682496760.844360
1.010204 1.061224 536895186712.334229
1.020408 1.061224 536112544229.596130
1.030612 1.061224 535334440696.719910
1.040816 1.061224 534560752676.874390
1.051020 1.061224 533791361661.283447
1.061224 1.061224 533026153832.573120
1.071429 1.061224 532265019841.538269
1.081633 1.061224 531507854596.445679
1.091837 1.061224 530754557064.062561
1.102041 1.061224 530005030081.651489
1.112245 1.061224 529259180179.234314
1.122449 1.061224 528516917411.475647
1.132653 1.061224 527778155198.583923
1.142857 1.061224 527042810175.668091
1.153061 1.061224 526310802050.033936
1.163265 1.061224 525582053465.931519
1.173469 1.061224 524856489876.307556
1.183673 1.061224 524134039421.140259
1.193878 1.061224 523414632811.967712
1.204082 1.061224 522698203222.243530
1.214286 1.061224 521984686183.181519
1.224490 1.061224 521274019484.770264
1.234694 1.061224 520566143081.661438
1.244898 1.061224 519860999003.654663
1.255102 1.061224 519158531270.518799
1.265306 1.061224 518458685810.907532
1.275510 1.061224 517761410385.142029
1.285714 1.061224 517066654511.646118
1.295918 1.061224 516374369396.836243
1.306122 1.061224 515684507868.278076
1.316327 1.061224 514997024310.933411
1.326531 1.061224 514311874606.333313
1.336735 1.061224 513629016074.521667
1.346939 1.061224 512948407418.624817
1.357143 1.061224 512270008671.907959
1.367347 1.061224 511593781147.191956
1.377551 1.061224 510919687388.507568
1.387755 1.061224 510247691124.873474
1.397959 1.061224 509577757226.091248
1.408163 1.061224 508909851660.453979
1.418367 1.061224 508243941454.275024
1.428571 1.061224 507579994653.145142
1.438776 1.061224 506917980284.834473
1.448980 1.061224 506257868323.757019
1.459184 1.061224 505599629656.923340
1.469388 1.061224 504943236051.309875
1.479592 1.061224 504288660122.574463
1.489796 1.061224 503635875305.059021
1.500000 1.061224 502984855823.012634
1.000000 1.071429 537334593065.219910
1.010204 1.071429 536545519272.981140
1.020408 1.071429 535761099536.224121
1.030612 1.071429 534981205807.712524
1.040816 1.071429 534205715199.109680
1.051020 1.071429 533434509730.883850
1.061224 1.071429 532667476096.532410
1.071429 1.071429 531904505440.175537
1.081633 1.071429 531145493146.640198
1.091837 1.071429 530390338643.225464
1.102041 1.071429 529638945212.395203
1.112245 1.071429 528891219814.700500
1.122449 1.071429 528147072921.286865
1.132653 1.071429 527406418355.385681
1.142857 1.071429 526669173142.230774
1.153061 1.071429 525935257366.883667
1.163265 1.071429 525204594039.485535
1.173469 1.071429 524477108967.484985
1.183673 1.071429 523752730634.427185
1.193878 1.071429 523031390084.911377
1.204082 1.071429 522313020815.356262
1.214286 1.071429 521597558670.233154
1.224490 1.071429 520884941743.450134
1.234694 1.071429 520175110284.593567
1.244898 1.071429 519468006609.746399
1.255102 1.071429 518763575016.630676
1.265306 1.071429 518061761703.826355
1.275510 1.071429 517362514693.844604
1.285714 1.071429 516665783759.840210
1.295918 1.071429 515971520355.765747
1.306122 1.071429 515279677549.780457
1.316327 1.071429 514590209960.738342
1.326531 1.071429 513903073697.591919
1.336735 1.071429 513218226301.556458
1.346939 1.071429 512535626690.889343
1.357143 1.071429 511855235108.149292
1.367347 1.071429 511177013069.805359
1.377551 1.071429 510500923318.076782
1.387755 1.071429 509826929774.887939
1.397959 1.071429 509154997497.832703
1.408163 1.071429 508485092638.046387
1.418367 1.071429 507817182399.889954
1.428571 1.071429 507151235002.358215
1.438776 1.071429 506487219642.124023
1.448980 1.071429 505825106458.141907
1.459184 1.071429 505164866497.733459
1.469388 1.071429 504506471684.083008
1.479592 1.071429 503849894785.077148
1.489796 1.071429 503195109383.423889
1.500000 1.071429 502542089847.990173
1.000000 1.081633 536992403603.659058
1.010204 1.081633 536201536612.896912
1.020408 1.081633 535415310999.810913
1.030612 1.081633 534633599262.929443
1.040816 1.081633 533856279040.377197
1.051020 1.081633 533083232860.668152
1.061224 1.081633 532314347907.767212
1.071429 1.081633 531549515799.470642
1.081633 1.081633 530788632378.237183
1.091837 1.081633 530031597513.655029
1.102041 1.081633 529278314915.800354
1.112245 1.081633 528528691958.788574
1.122449 1.081633 527782639513.876587
1.132653 1.081633 527040071791.517395
1.142857 1.081633 526300906191.811157
1.153061 1.081633 525565063162.835815
1.163265 1.081633 524832466066.379517
1.173469 1.081633 524103041050.623840
1.183673 1.081633 523376716929.364502
1.193878 1.081633 522653425067.381165
1.204082 1.081633 521933099271.592285
1.214286 1.081633 521215675687.659912
1.224490 1.081633 520501092701.727112
1.234694 1.081633 519789290846.995422
1.244898 1.081633 519080212714.864197
1.255102 1.081633 518373802870.377502
1.265306 1.081633 517670007771.734558
1.275510 1.081633 516968775693.639526
1.285714 1.081633 516270056654.279541
1.295918 1.081633 515573802345.731140
1.306122 1.081633 514879966067.610229
1.316327 1.081633 514188502663.791321
1.326531 1.081633 513499368462.031128
1.336735 1.081633 512812521216.343262
1.346939 1.081633 512127920051.980408
1.357143 1.081633 511445525412.884888
1.367347 1.081633 510765299011.483459
1.377551 1.081633 510087203780.703613
1.387755 1.081633 509411203828.097778
1.397959 1.081633 508737264391.970703
1.408163 1.081633 508065351799.406494
1.418367 1.081633 507395433426.103699
1.428571 1.081633 506727477657.924561
1.438776 1.081633 506061453854.079285
1.448980 1.081633 505397332311.860168
1.459184 1.081633 504735084232.854797
1.469388 1.081633 504074681690.563721
1.479592 1.081633 503416097599.357422
1.489796 1.081633 502759305684.707520
1.500000 1.081633 502104280454.633789
1.000000 1.091837 536655751260.256409
1.010204 1.091837 535863062906.518005
1.020408 1.091837 535075004057.534912
1.030612 1.091837 534291447735.480286
1.040816 1.091837 533512272083.668030
1.051020 1.091837 532737360118.190674
1.061224 1.091837 531966599493.777954
1.071429 1.091837 531199882282.929749
1.081633 1.091837 530437104767.456665
1.091837 1.091837 529678167241.619080
1.102041 1.091837 528922973826.118896
1.112245 1.091837 528171432292.250488
1.122449 1.091837 527423453895.571533
1.132653 1.091837 526678953218.493896
1.142857 1.091837 525937848021.244751
1.153061 1.091837 525200059100.680054
1.163265 1.091837 524465510156.474243
1.173469 1.091837 523734127664.238586
1.183673 1.091837 523005840755.155273
1.193878 1.091837 522280581101.737610
1.204082 1.091837 521558282809.359070
1.214286 1.091837 520838882313.211914
1.224490 1.091837 520122318280.382324
1.234694 1.091837 519408531516.748291
1.244898 1.091837 518697464878.425781
1.255102 1.091837 517989063187.505554
1.265306 1.091837 517283273151.843079
1.275510 1.091837 516580043288.672302
1.285714 1.091837 515879323851.836975
1.295918 1.091837 515181066762.438171
1.306122 1.091837 514485225542.715088
1.316327 1.091837 513791755252.984436
1.326531 1.091837 513100612431.474915
1.336735 1.091837 512411755036.903076
1.346939 1.091837 511725142393.647827
1.357143 1.091837 511040735139.386169
1.367347 1.091837 510358495175.064209
1.377551 1.091837 509678385617.082520
1.387755 1.091837 509000370751.582886
1.397959 1.091837 508324415990.730286
1.408163 1.091837 507650487830.890137
1.418367 1.091837 506978553812.604675
1.428571 1.091837 506308582482.281555
1.438776 1.091837 505640543355.507751
1.448980 1.091837 504974406881.912048
1.459184 1.091837 504310144411.498657
1.469388 1.091837 503647728162.381897
1.479592 1.091837 502987131189.856079
1.489796 1.091837 502328327356.734558
1.500000 1.091837 501671291304.900269
1.000000 1.102041 536324466233.232971
1.010204 1.102041 535529929583.115540
1.020408 1.102041 534740011343.324158
1.030612 1.102041 533954585038.315369
1.040816 1.102041 533173529296.045715
1.051020 1.102041 532396727600.416382
1.061224 1.102041 531624068057.889465
1.071429 1.102041 530855443177.340515
1.081633 1.102041 530090749662.273560
1.091837 1.102041 529329888214.600769
1.102041 1.102041 528572763349.237549
1.112245 1.102041 527819283218.826843
1.122449 1.102041 527069359447.948914
1.132653 1.102041 526322906976.226685
1.142857 1.102041 525579843909.770752
1.153061 1.102041 524840091380.454834
1.163265 1.102041 524103573412.541077
1.173469 1.102041 523370216796.213501
1.183673 1.102041 522639950967.604858
1.193878 1.102041 521912707894.932556
1.204082 1.102041 521188421970.381470
1.214286 1.102041 520467029907.402222
1.224490 1.102041 519748470643.107056
1.234694 1.102041 519032685245.474792
1.244898 1.102041 518319616825.088684
1.255102 1.102041 517609210451.152039
1.265306 1.102041 516901413071.541931
1.275510 1.102041 516196173436.677490
1.285714 1.102041 515493442026.991577
1.295918 1.102041 514793170983.809692
1.306122 1.102041 514095314043.450623
1.316327 1.102041 513399826474.376038
1.326531 1.102041 512706665017.226440
1.336735 1.102041 512015787827.589539
1.346939 1.102041 511327154421.358704
1.357143 1.102041 510640725622.545044
1.367347 1.102041 509956463513.417175
1.377551 1.102041 509274331386.848083
1.387755 1.102041 508594293700.757202
1.397959 1.102041 507916316034.540833
1.408163 1.102041 507240365047.391907
1.418367 1.102041 506566408438.413147
1.428571 1.102041 505894414908.436584
1.438776 1.102041 505224354123.464539
1.448980 1.102041 504556196679.651794
1.459184 1.102041 503889914069.756348
1.469388 1.102041 503225478650.986389
1.479592 1.102041 502562863614.176514
1.489796 1.102041 501902042954.231384
1.500000 1.102041 501242991441.775024
1.000000 1.112245 535998385663.166382
1.010204 1.112245 535201974958.225769
1.020408 1.112245 534410172322.428955
1.030612 1.112245 533622851761.874573
1.040816 1.112245 532839892369.308594
1.051020 1.112245 532061178077.336670
1.061224 1.112245 531286597425.763062
1.071429 1.112245 530516043342.125916
1.081633 1.112245 529749412934.557190
1.091837 1.112245 528986607296.170471
1.102041 1.112245 528227531320.232666
1.112245 1.112245 527472093525.432007
1.122449 1.112245 526720205890.604736
1.132653 1.112245 525971783698.327393
1.142857 1.112245 525226745386.825134
1.153061 1.112245 524485012409.686157
1.163265 1.112245 523746509102.902100
1.173469 1.112245 523011162558.798401
1.183673 1.112245 522278902506.435669
1.193878 1.112245 521549661198.100830
1.204082 1.112245 520823373301.531799
1.214286 1.112245 520099975797.535645
1.224490 1.112245 519379407882.692871
1.234694 1.112245 518661610876.854492
1.244898 1.112245 517946528135.157837
1.255102 1.112245 517234104964.308167
1.265306 1.112245 516524288542.884705
1.275510 1.112245 515817027845.451599
1.285714 1.112245 515112273570.258728
1.295918 1.112245 514409978070.341248
1.306122 1.112245 513710095287.830811
1.316327 1.112245 513012580691.305481
1.326531 1.112245 512317391216.017639
1.336735 1.112245 511624485206.847473
1.346939 1.112245 510933822363.835449
1.357143 1.112245 510245363690.163757
1.367347 1.112245 509559071442.457947
1.377551 1.112245 508874909083.286865
1.387755 1.112245 508192841235.753601
1.397959 1.112245 507512833640.068115
1.408163 1.112245 506834853112.002930
1.418367 1.112245 506158867503.137024
1.428571 1.112245 505484845662.800964
1.438776 1.112245 504812757401.638428
1.448980 1.112245 504142573456.703979
1.459184 1.112245 503474265458.025635
1.469388 1.112245 502807805896.558105
1.479592 1.112245 502143168093.462646
1.489796 1.112245 501480326170.649109
1.500000 1.112245 500819255022.521301
1.000000 1.122449 535677353283.545166
1.010204 1.122449 534879043887.210266
1.020408 1.122449 534085332947.921204
1.030612 1.122449 533296094933.467590
1.040816 1.122449 532511209382.195007
1.051020 1.122449 531730560656.945557
1.061224 1.122449 530954037713.087097
1.071429 1.122449 530181533879.696472
1.081633 1.122449 529412946653.033936
1.091837 1.122449 528648177501.510132
1.102041 1.122449 527887131681.405457
1.112245 1.122449 527129718062.657471
1.122449 1.122449 526375848964.077698
1.132653 1.122449 525625439997.408936
1.142857 1.122449 524878409919.674866
1.153061 1.122449 524134680493.311279
1.163265 1.122449 523394176353.604675
1.173469 1.122449 522656824882.996704
1.183673 1.122449 521922556091.844849
1.193878 1.122449 521191302505.253235
1.204082 1.122449 520462999055.619263
1.214286 1.122449 519737582980.560120
1.224490 1.122449 519014993725.910278
1.234694 1.122449 518295172853.495239
1.244898 1.122449 517578063953.414429
1.255102 1.122449 516863612560.575195
1.265306 1.122449 516151766075.240662
1.275510 1.122449 515442473687.370178
1.285714 1.122449 514735686304.540955
1.295918 1.122449 514031356483.256775
1.306122 1.122449 513329438363.459717
1.316327 1.122449 512629887606.072510
1.326531 1.122449 511932661333.409668
1.336735 1.122449 511237718072.305054
1.346939 1.122449 510545017699.814209
1.357143 1.122449 509854521391.355896
1.367347 1.122449 509166191571.165894
1.377551 1.122449 508479991864.947510
1.387755 1.122449 507795887054.602173
1.397959 1.122449 507113843034.937927
1.408163 1.122449 506433826772.255249
1.418367 1.122449 505755806264.716553
1.428571 1.122449 505079750504.410583
1.438776 1.122449 504405629441.029053
1.448980 1.122449 503733413947.076050
1.459184 1.122449 503063075784.535950
1.469388 1.122449 502394587572.929688
1.479592 1.122449 501727922758.692993
1.489796 1.122449 501063055585.812622
1.500000 1.122449 500399961067.663574
1.000000 1.132653 535361219092.109619
1.010204 1.132653 534560987439.410889
1.020408 1.132653 533765345337.608704
1.030612 1.132653 532974167696.892334
1.040816 1.132653 532187334482.649353
1.051020 1.132653 531404730470.100586
1.061224 1.132653 530626245012.983704
1.071429 1.132653 529851771825.353394
1.081633 1.132653 529081208775.640076
1.091837 1.132653 528314457692.167908
1.102041 1.132653 527551424179.395508
1.112245 1.132653 526792017444.196594
1.122449 1.132653 526036150131.543518
1.132653 1.132653 525283738169.007751
1.142857 1.132653 524534700619.528442
1.153061 1.132653 523788959541.940735
1.163265 1.132653 523046439858.792480
1.173469 1.132653 522307069231.007690
1.183673 1.132653 521570777938.985657
1.193878 1.132653 520837498769.757385
1.204082 1.132653 520107166909.838623
1.214286 1.132653 519379719843.450073
1.224490 1.132653 518655097255.791931
1.234694 1.132653 517933240941.085266
1.244898 1.132653 517214094715.106201
1.255102 1.132653 516497604331.962036
1.265306 1.132653 515783717404.868591
1.275510 1.132653 515072383330.710144
1.285714 1.132653 514363553218.170776
1.295918 1.132653 513657179819.243225
1.306122 1.132653 512953217463.931885
1.316327 1.132653 512251621997.978027
1.326531 1.132653 511552350723.445618
1.336735 1.132653 510855362342.016541
1.346939 1.132653 510160616900.852966
1.357143 1.132653 509468075740.891541
1.367347 1.132653 508777701447.446045
1.377551 1.132653 508089457802.996643
1.387755 1.132653 507403309742.056824
1.397959 1.132653 506719223308.010742
1.408163 1.132653 506037165611.824097
1.418367 1.132653 505357104792.532166
1.428571 1.132653 504679009979.419189
1.438776 1.132653 504002851255.805237
1.448980 1.132653 503328599624.360962
1.459184 1.132653 502656226973.877991
1.469388 1.132653 501985706047.421997
1.479592 1.132653 501317010411.805359
1.489796 1.132653 500650114428.314819
1.500000 1.132653 499984993224.635193
1.000000 1.142857 535049839041.555481
1.010204 1.142857 534247662591.495117
1.020408 1.142857 533450067469.967712
1.030612 1.142857 532656929010.902039
1.040816 1.142857 531868127588.776245
1.051020 1.142857 531083548373.914062
1.061224 1.142857 530303081101.788513
1.071429 1.142857 529526619855.410400
1.081633 1.142857 528754062859.940186
1.091837 1.142857 527985312288.730957
1.102041 1.142857 527220274080.064148
1.112245 1.142857 526458857763.899170
1.122449 1.142857 525700976298.001282
1.132653 1.142857 524946545912.862061
1.142857 1.142857 524195485964.867249
1.153061 1.142857 523447718797.203491
1.163265 1.142857 522703169608.033569
1.173469 1.142857 521961766325.500732
1.183673 1.142857 521223439489.152283
1.193878 1.142857 520488122137.402893
1.204082 1.142857 519755749700.681458
1.214286 1.142857 519026259899.929077
1.224490 1.142857 518299592650.139771
1.234694 1.142857 517575689968.653687
1.244898 1.142857 516854495887.932922
1.255102 1.142857 516135956372.566284
1.265306 1.142857 515420019240.266785
1.275510 1.142857 514706634086.639954
1.285714 1.142857 513995752213.514771
1.295918 1.142857 513287326560.643982
1.306122 1.142857 512581311640.588684
1.316327 1.142857 511877663476.617493
1.326531 1.142857 511176339543.460083
1.336735 1.142857 510477298710.761169
1.346939 1.142857 509780501189.095764
1.357143 1.142857 509085908478.410156
1.367347 1.142857 508393483318.763672
1.377551 1.142857 507703189643.253601
1.387755 1.142857 507014992533.009583
1.397959 1.142857 506328858174.156372
1.408163 1.142857 505644753816.640930
1.418367 1.142857 504962647734.836975
1.428571 1.142857 504282509189.831665
1.438776 1.142857 503604308393.319214
1.448980 1.142857 502928016473.015259
1.459184 1.142857 502253605439.525330
1.469388 1.142857 501581048154.591125
1.479592 1.142857 500910318300.653625
1.489796 1.142857 500241390351.665955
1.500000 1.142857 499574239545.101501
1.000000 1.153061 534743074748.287231
1.010204 1.153061 533938931938.689331
1.020408 1.153061 533139362897.807129
1.030612 1.153061 532344243365.250610
1.040816 1.153061 531553454107.218384
1.051020 1.153061 530766880672.417664
1.061224 1.153061 529984413161.959045
1.071429 1.153061 529205946012.301880
1.081633 1.153061 528431377790.393250
1.091837 1.153061 527660611000.207458
1.102041 1.153061 526893551899.953308
1.112245 1.153061 526130110329.268555
1.122449 1.153061 525370199545.769104
1.132653 1.153061 524613736070.370483
1.142857 1.153061 523860639540.833374
1.153061 1.153061 523110832573.030212
1.163265 1.153061 522364240629.461487
1.173469 1.153061 521620791894.584106
1.183673 1.153061 520880417156.542847
1.193878 1.153061 520143049694.927124
1.204082 1.153061 519408625174.194275
1.214286 1.153061 518677081542.435120
1.224490 1.153061 517948358935.164795
1.234694 1.153061 517222399583.857605
1.244898 1.153061 516499147728.951660
1.255102 1.153061 515778549537.072021
1.265306 1.153061 515060553022.236877
1.275510 1.153061 514345107970.824707
1.285714 1.153061 513632165870.095398
1.295918 1.153061 512921679840.071777
1.306122 1.153061 512213604568.598328
1.316327 1.153061 511507896249.406006
1.326531 1.153061 510804512523.024597
1.336735 1.153061 510103412420.388550
1.346939 1.153061 509404556308.998169
1.357143 1.153061 508707905841.499573
1.367347 1.153061 508013423906.560425
1.377551 1.153061 507321074581.922485
1.387755 1.153061 506630823089.519775
1.397959 1.153061 505942635752.557983
1.408163 1.153061 505256479954.456116
1.418367 1.153061 504572324099.558044
1.428571 1.153061 503890137575.525696
1.438776 1.153061 503209890717.330566
1.448980 1.153061 502531554772.767029
1.459184 1.153061 501855101869.411072
1.469388 1.153061 501180504982.958435
1.479592 1.153061 500507737906.871155
1.489796 1.153061 499836775223.274963
1.500000 1.153061 499167592275.045837
1.000000 1.163265 534440793218.010132
1.010204 1.163265 533634663422.701721
1.020408 1.163265 532833100478.472168
1.030612 1.163265 532035980513.134277
1.040816 1.163265 531243184667.790344
1.051020 1.163265 530454598853.345886
1.061224 1.163265 529670113520.963684
1.071429 1.163265 528889623445.538696
1.081633 1.163265 528113027521.334961
1.091837 1.163265 527340228568.997864
1.102041 1.163265 526571133153.207947
1.112245 1.163265 525805651410.297424
1.122449 1.163265 525043696885.201172
1.132653 1.163265 524285186377.155029
1.142857 1.163265 523530039793.603088
1.153061 1.163265 522778180011.804626
1.163265 1.163265 522029532747.674866
1.173469 1.163265 521284026431.420105
1.183673 1.163265 520541592089.562988
1.193878 1.163265 519802163232.975586
1.204082 1.163265 519065675750.569214
1.214286 1.163265 518332067808.309570
1.224490 1.163265 517601279753.249512
1.234694 1.163265 516873254022.291016
1.244898 1.163265 516147935055.408020
1.255102 1.163265 515425269213.077271
1.265306 1.163265 514705204697.682922
1.275510 1.163265 513987691478.672913
1.285714 1.163265 513272681221.260864
1.295918 1.163265 512560127218.479858
1.306122 1.163265 511849984326.407288
1.316327 1.163265 511142208902.387024
1.326531 1.163265 510436758746.092712
1.336735 1.163265 509733593043.278992
1.346939 1.163265 509032672312.080566
1.357143 1.163265 508333958351.725525
1.367347 1.163265 507637414193.537903
1.377551 1.163265 506943004054.112488
1.387755 1.163265 506250693290.550232
1.397959 1.163265 505560448357.649475
1.408163 1.163265 504872236766.955933
1.418367 1.163265 504186027047.578186
1.428571 1.163265 503501788708.679138
1.438776 1.163265 502819492203.564575
1.448980 1.163265 502139108895.287842
1.459184 1.163265 501460611023.697693
1.469388 1.163265 500783971673.859863
1.479592 1.163265 500109164745.788147
1.489796 1.163265 499436164925.418640
1.500000 1.163265 498764947656.773682
1.000000 1.173469 534142866587.040649
1.010204 1.173469 533334730075.221863
1.020408 1.173469 532531154119.491516
1.030612 1.173469 531732015218.939514
1.040816 1.173469 530937194873.287598
1.051020 1.173469 530146579339.964966
1.061224 1.173469 529360059405.093201
1.071429 1.173469 528577530167.461304
1.081633 1.173469 527798890834.636047
1.091837 1.173469 527024044530.421753
1.102041 1.173469 526252898112.936829
1.112245 1.173469 525485362002.630981
1.122449 1.173469 524721350019.615723
1.132653 1.173469 523960779229.723022
1.142857 1.173469 523203569798.752380
1.153061 1.173469 522449644854.402527
1.163265 1.173469 521698930355.418884
1.173469 1.173469 520951354967.520996
1.183673 1.173469 520206849945.704834
1.193878 1.173469 519465349022.540161
1.204082 1.173469 518726788302.111145
1.214286 1.173469 517991106159.271057
1.224490 1.173469 517258243143.901917
1.234694 1.173469 516528141889.893860
1.244898 1.173469 515800747028.574951
1.255102 1.173469 515076005106.339539
1.265306 1.173469 514353864506.240662
1.275510 1.173469 513634275373.326416
1.285714 1.173469 512917189543.514404
1.295918 1.173469 512202560475.808716
1.306122 1.173469 511490343187.682617
1.316327 1.173469 510780494193.450012
1.326531 1.173469 510072971445.473328
1.336735 1.173469 509367734278.052551
1.346939 1.173469 508664743353.855103
1.357143 1.173469 507963960612.756165
1.367347 1.173469 507265349222.962891
1.377551 1.173469 506568873534.304443
1.387755 1.173469 505874499033.578918
1.397959 1.173469 505182192301.852783
1.408163 1.173469 504491920973.612122
1.418367 1.173469 503803653697.677551
1.428571 1.173469 503117360099.790955
1.438776 1.173469 502433010746.794434
1.448980 1.173469 501750577112.322937
1.459184 1.173469 501070031543.936707
1.469388 1.173469 500391347231.624207
1.479592 1.173469 499714498177.610718
1.489796 1.173469 499039459167.408875
1.500000 1.173469 498366205742.054138
1.000000 1.183673 533849171878.299377
1.010204 1.183673 533039009775.973755
1.020408 1.183673 532233402538.647766
1.030612 1.183673 531432227020.292419
1.040816 1.183673 530635365063.473755
1.051020 1.183673 529842703256.960449
1.061224 1.183673 529054132707.209656
1.071429 1.183673 528269548822.816406
1.081633 1.183673 527488851111.071838
1.091837 1.183673 526711942985.846252
1.102041 1.183673 525938731586.066040
1.112245 1.183673 525169127604.110901
1.122449 1.183673 524403045123.503052
1.132653 1.183673 523640401465.306519
1.142857 1.183673 522881117042.698242
1.153061 1.183673 522125115223.205322
1.163265 1.183673 521372322198.144409
1.173469 1.183673 520622666858.825134
1.183673 1.183673 519876080679.116333
1.193878 1.183673 519132497603.992615
1.204082 1.183673 518391853943.713684
1.214286 1.183673 517654088273.305664
1.224490 1.183673 516919141337.036377
1.234694 1.183673 516186955957.600830
1.244898 1.183673 515457476949.747437
1.255102 1.183673 514730651038.093323
1.265306 1.183673 514006426778.895630
1.275510 1.183673 513284754485.559204
1.285714 1.183673 512565586157.672791
1.295918 1.183673 511848875413.383789
1.306122 1.183673 511134577424.928467
1.316327 1.183673 510422648857.147339
1.326531 1.183673 509713047808.829163
1.336735 1.183673 509005733756.730408
1.346939 1.183673 508300667502.131042
1.357143 1.183673 507597811119.795349
1.367347 1.183673 506897127909.209839
1.377551 1.183673 506198582347.985840
1.387755 1.183673 505502140047.310791
1.397959 1.183673 504807767709.350220
1.408163 1.183673 504115433086.497131
1.418367 1.183673 503425104942.379944
1.428571 1.183673 502736753014.540588
1.438776 1.183673 502050347978.699402
1.448980 1.183673 501365861414.532166
1.459184 1.183673 500683265772.881958
1.469388 1.183673 500002534344.340942
1.479592 1.183673 499323641229.131897
1.489796 1.183673 498646561308.231689
1.500000 1.183673 497971270215.675293
1.000000 1.193878 533559590771.026367
1.010204 1.193878 532747385024.370361
1.020408 1.193878 531939729037.530640
1.030612 1.193878 531136500003.472168
1.040816 1.193878 530337580092.319092
1.051020 1.193878 529542856209.463501
1.061224 1.193878 528752219767.527039
1.071429 1.193878 527965566471.257080
1.081633 1.193878 527182796114.508240
1.091837 1.193878 526403812388.526123
1.102041 1.193878 525628522700.803284
1.112245 1.193878 524856838003.834595
1.122449 1.193878 524088672633.146667
1.132653 1.193878 523323944154.019775
1.142857 1.193878 522562573216.363708
1.153061 1.193878 521804483417.246460
1.163265 1.193878 521049601170.608032
1.173469 1.193878 520297855583.726685
1.183673 1.193878 519549178340.033447
1.193878 1.193878 518803503587.896545
1.204082 1.193878 518060767835.025146
1.214286 1.193878 517320909848.165955
1.224490 1.193878 516583870557.783020
1.234694 1.193878 515849592967.438904
1.244898 1.193878 515118022067.605530
1.255102 1.193878 514389104753.658691
1.265306 1.193878 513662789747.817688
1.275510 1.193878 512939027524.815247
1.285714 1.193878 512217770241.089355
1.295918 1.193878 511498971667.304382
1.306122 1.193878 510782587124.024048
1.316327 1.193878 510068573420.361816
1.326531 1.193878 509356888795.454651
1.336735 1.193878 508647492862.606934
1.346939 1.193878 507940346555.964905
1.357143 1.193878 507235412079.591553
1.367347 1.193878 506532652858.815002
1.377551 1.193878 505832033493.734070
1.387755 1.193878 505133519714.773071
1.397959 1.193878 504437078340.178162
1.408163 1.193878 503742677235.361206
1.418367 1.193878 503050285273.996704
1.428571 1.193878 502359872300.785217
1.438776 1.193878 501671409095.802490
1.448980 1.193878 500984867340.354248
1.459184 1.193878 500300219584.265930
1.469388 1.193878 499617439214.537109
1.479592 1.193878 498936500425.294739
1.489796 1.193878 498257378188.985229
1.500000 1.193878 497580048228.743896
1.000000 1.204082 533274009383.333008
1.010204 1.204082 532459742723.889954
1.020408 1.204082 531650021287.702209
1.030612 1.204082 530844722591.329163
1.040816 1.204082 530043729117.634705
1.051020 1.204082 529246928074.369568
1.061224 1.204082 528454211166.581116
1.071429 1.204082 527665474381.931213
1.081633 1.204082 526880617788.078491
1.091837 1.204082 526099545341.339478
1.102041 1.204082 525322164705.901855
1.112245 1.204082 524548387082.919495
1.122449 1.204082 523778127048.862244
1.132653 1.204082 523011302402.542969
1.142857 1.204082 522247834020.281799
1.153061 1.204082 521487645718.708862
1.163265 1.204082 520730664124.739319
1.173469 1.204082 519976818552.287170
1.183673 1.204082 519226040885.314575
1.193878 1.204082 518478265466.840210
1.204082 1.204082 517733428993.558044
1.214286 1.204082 516991470415.734619
1.224490 1.204082 516252330842.084839
1.234694 1.204082 515515953449.336060
1.244898 1.204082 514782283396.216309
1.255102 1.204082 514051267741.615356
1.265306 1.204082 513322855366.687256
1.275510 1.204082 512596996900.671387
1.285714 1.204082 511873644650.232117
1.295918 1.204082 511152752532.120300
1.306122 1.204082 510434276008.979309
1.316327 1.204082 509718172028.125183
1.326531 1.204082 509004398963.142761
1.336735 1.204082 508292916558.146851
1.346939 1.204082 507583685874.570862
1.357143 1.204082 506876669240.349243
1.367347 1.204082 506171830201.369324
1.377551 1.204082 505469133475.078125
1.387755 1.204082 504768544906.130798
1.397959 1.204082 504070031423.980835
1.408163 1.204082 503373561002.311462
1.418367 1.204082 502679102620.217163
1.428571 1.204082 501986626225.049866
1.438776 1.204082 501296102696.845154
1.448980 1.204082 500607503814.254333
1.459184 1.204082 499920802221.905701
1.469388 1.204082 499235971399.129883
1.479592 1.204082 498552985629.980408
1.489796 1.204082 497871819974.490662
1.500000 1.204082 497192450241.106689
1.000000 1.214286 532992318066.763977
1.010204 1.214286 532175973978.357605
1.020408 1.214286 531364171128.663147
1.030612 1.214286 530556787342.902344
1.040816 1.214286 529753705402.309509
1.051020 1.214286 528954812803.161255
1.061224 1.214286 528160001529.606812
1.071429 1.214286 527369167839.385315
1.081633 1.214286 526582212061.584045
1.091837 1.214286 525799038405.655701
1.102041 1.214286 525019554780.969360
1.112245 1.214286 524243672626.225098
1.122449 1.214286 523471306748.106506
1.132653 1.214286 522702375168.594238
1.142857 1.214286 521936798980.404236
1.153061 1.214286 521174502210.048096
1.163265 1.214286 520415411688.054749
1.173469 1.214286 519659456925.917542
1.183673 1.214286 518906569999.366028
1.193878 1.214286 518156685437.586670
1.204082 1.214286 517409740118.041687
1.214286 1.214286 516665673166.559937
1.224490 1.214286 515924425862.394348
1.234694 1.214286 515185941547.961548
1.244898 1.214286 514450165542.995911
1.255102 1.214286 513717045062.870483
1.265306 1.214286 512986529140.849915
1.275510 1.214286 512258568554.058960
1.285714 1.214286 511533115752.958191
1.295918 1.214286 510810124794.140259
1.306122 1.214286 510089551276.262573
1.316327 1.214286 509371352278.948486
1.326531 1.214286 508655486304.499878
1.336735 1.214286 507941913222.270874
1.346939 1.214286 507230594215.562866
1.357143 1.214286 506521491730.909607
1.367347 1.214286 505814569429.627869
1.377551 1.214286 505109792141.518311
1.387755 1.214286 504407125820.605591
1.397959 1.214286 503706537502.814941
1.408163 1.214286 503007995265.487915
1.418367 1.214286 502311468188.644653
1.428571 1.214286 501616926317.907104
1.438776 1.214286 500924340629.000916
1.448980 1.214286 500233682993.757629
1.459184 1.214286 499544926147.547302
1.469388 1.214286 498858043658.068970
1.479592 1.214286 498173009895.435852
1.489796 1.214286 497489800003.494629
1.500000 1.214286 496808389872.317871
1.000000 1.224490 532714411212.107666
1.010204 1.224490 531895973899.377319
1.020408 1.224490 531082074376.872864
1.030612 1.224490 530272590763.994934
1.040816 1.224490 529467406126.410767
1.051020 1.224490 528666408235.504089
1.061224 1.224490 527869489341.601807
1.071429 1.224490 527076545960.065613
1.081633 1.224490 526287478669.405151
1.091837 1.224490 525502191920.630676
1.102041 1.224490 524720593857.120972
1.112245 1.224490 523942596144.339539
1.122449 1.224490 523168113808.771423
1.132653 1.224490 522397065085.508057
1.142857 1.224490 521629371273.941711
1.153061 1.224490 520864956601.070679
1.163265 1.224490 520103748091.951111
1.173469 1.224490 519345675446.865906
1.183673 1.224490 518590670924.805969
1.193878 1.224490 517838669232.889709
1.204082 1.224490 517089607421.372559
1.214286 1.224490 516343424783.919189
1.224490 1.224490 515600062762.833069
1.234694 1.224490 514859464858.961426
1.244898 1.224490 514121576546.006042
1.255102 1.224490 513386345188.994751
1.265306 1.224490 512653719966.677856
1.275510 1.224490 511923651797.632751
1.285714 1.224490 511196093269.872986
1.295918 1.224490 510470998573.767395
1.306122 1.224490 509748323438.094849
1.316327 1.224490 509028025069.059570
1.326531 1.224490 508310062092.113953
1.336735 1.224490 507594394496.438477
1.346939 1.224490 506880983581.937561
1.357143 1.224490 506169791908.621765
1.367347 1.224490 505460783248.252075
1.377551 1.224490 504753922538.130554
1.387755 1.224490 504049175836.925903
1.397959 1.224490 503346510282.433167
1.408163 1.224490 502645894051.168884
1.418367 1.224490 501947296319.709839
1.428571 1.224490 501250687227.689941
1.438776 1.224490 500556037842.372559
1.448980 1.224490 499863320124.721924
1.459184 1.224490 499172506896.900330
1.469388 1.224490 498483571811.122437
1.479592 1.224490 497796489319.801636
1.489796 1.224490 497111234646.928040
1.500000 1.224490 496427783760.617310
1.000000 1.234694 532440187065.745239
1.010204 1.234694 531619641424.209167
1.020408 1.234694 530803630645.124146
1.030612 1.234694 529992033128.017761
1.040816 1.234694 529184732209.466553
1.051020 1.234694 528381615922.940247
1.061224 1.234694 527582576772.401733
1.071429 1.234694 526787511518.749451
1.081633 1.234694 525996320978.263672
1.091837 1.234694 525208909832.274414
1.102041 1.234694 524425186447.327759
1.112245 1.234694 523645062705.184082
1.122449 1.234694 522868453842.023560
1.132653 1.234694 522095278296.285522
1.142857 1.234694 521325457564.603638
1.153061 1.234694 520558916065.341064
1.163265 1.234694 519795581009.260559
1.173469 1.234694 519035382276.900330
1.183673 1.234694 518278252302.252441
1.193878 1.234694 517524125962.370728
1.204082 1.234694 516772940472.559631
1.214286 1.234694 516024635286.815735
1.224490 1.234694 515279152003.221558
1.234694 1.234694 514536434274.004456
1.244898 1.234694 513796427719.997192
1.255102 1.234694 513059079849.249634
1.265306 1.234694 512324339979.560974
1.275510 1.234694 511592159164.714355
1.285714 1.234694 510862490124.208252
1.295918 1.234694 510135287176.295837
1.306122 1.234694 509410506174.151672
1.316327 1.234694 508688104444.996399
1.326531 1.234694 507968040732.023987
1.336735 1.234694 507250275138.980225
1.346939 1.234694 506534769077.255859
1.357143 1.234694 505821485215.359619
1.367347 1.234694 505110387430.651672
1.377551 1.234694 504401440763.217590
1.387755 1.234694 503694611371.777161
1.397959 1.234694 502989866491.521057
1.408163 1.234694 502287174393.782104
1.418367 1.234694 501586504347.445496
1.428571 1.234694 500887826582.016541
1.438776 1.234694 500191112252.259705
1.448980 1.234694 499496333404.334167
1.459184 1.234694 498803462943.354065
1.469388 1.234694 498112474602.302246
1.479592 1.234694 497423342912.235535
1.489796 1.234694 496736043173.717224
1.500000 1.234694 496050551429.421021
1.000000 1.244898 532169547555.880127
1.010204 1.244898 531346879143.441772
1.020408 1.244898 530528743171.630066
1.030612 1.244898 529715018306.460449
1.040816 1.244898 528905588142.293274
1.051020 1.244898 528100340962.046570
1.061224 1.244898 527299169511.144226
1.071429 1.244898 526501970784.289368
1.081633 1.244898 525708645824.222107
1.091837 1.244898 524919099531.682251
1.102041 1.244898 524133240485.856018
1.112245 1.244898 523350980774.638977
1.122449 1.244898 522572235834.093567
1.132653 1.244898 521796924296.526855
1.142857 1.244898 521024967846.651733
1.153061 1.244898 520256291085.338989
1.163265 1.244898 519490821400.490479
1.173469 1.244898 518728488844.610962
1.183673 1.244898 517969226018.671387
1.193878 1.244898 517212967961.893921
1.204082 1.244898 516459652047.108154
1.214286 1.244898 515709217881.354309
1.224490 1.244898 514961607211.428894
1.234694 1.244898 514216763834.090637
1.244898 1.244898 513474633510.659912
1.255102 1.244898 512735163885.763977
1.265306 1.244898 511998304409.997070
1.275510 1.244898 511264006266.275940
1.285714 1.244898 510532222299.688782
1.295918 1.244898 509802906950.645691
1.306122 1.244898 509076016191.152039
1.316327 1.244898 508351507464.036621
1.326531 1.244898 507629339624.976135
1.336735 1.244898 506909472887.168335
1.346939 1.244898 506191868768.515442
1.357143 1.244898 505476490041.183960
1.367347 1.244898 504763300683.421692
1.377551 1.244898 504052265833.511780
1.387755 1.244898 503343351745.757629
1.397959 1.244898 502636525748.395081
1.408163 1.244898 501931756203.333313
1.418367 1.244898 501229012467.635132
1.428571 1.244898 500528264856.649719
1.438776 1.244898 499829484608.714966
1.448980 1.244898 499132643851.355408
1.459184 1.244898 498437715568.900513
1.469388 1.244898 497744673571.455811
1.479592 1.244898 497053492465.162842
1.489796 1.244898 496364147623.684937
1.500000 1.244898 495676615160.861938
1.000000 1.255102 531902398128.036133
1.010204 1.255102 531077593137.851807
1.020408 1.255102 530257318658.216370
1.030612 1.255102 529441453608.392212
1.040816 1.255102 528629881827.779907
1.051020 1.255102 527822491836.474304
1.061224 1.255102 527019176609.540405
1.071429 1.255102 526219833364.093323
1.081633 1.255102 525424363358.348877
1.091837 1.255102 524632671701.862244
1.102041 1.255102 523844667176.236389
1.112245 1.255102 523060262065.632812
1.122449 1.255102 522279371996.465088
1.132653 1.255102 521501915785.699280
1.142857 1.255102 520727815297.229126
1.153061 1.255102 519956995305.827209
1.163265 1.255102 519189383368.212646
1.173469 1.255102 518424909700.804016
1.183673 1.255102 517663507063.756592
1.193878 1.255102 516905110650.914124
1.204082 1.255102 516149657985.321167
1.214286 1.255102 515397088819.978394
1.224490 1.255102 514647345043.531494
1.234694 1.255102 513900370590.613708
1.244898 1.255102 513156111356.576904
1.255102 1.255102 512414515116.362366
1.265306 1.255102 511675531447.279297
1.275510 1.255102 510939111655.476501
1.285714 1.255102 510205208705.900330
1.295918 1.255102 509473777155.549805
1.306122 1.255102 508744773089.851440
1.316327 1.255102 508018154061.982605
1.326531 1.255102 507293879034.990051
1.336735 1.255102 506571908326.550903
1.346939 1.255102 505852203556.240845
1.357143 1.255102 505134727595.176941
1.367347 1.255102 504419444517.912415
1.377551 1.255102 503706319556.466064
1.387755 1.255102 502995319056.380798
1.397959 1.255102 502286410434.704590
1.408163 1.255102 501579562139.799194
1.418367 1.255102 500874743612.885193
1.428571 1.255102 500171925251.236816
1.438776 1.255102 499471078372.944824
1.448980 1.255102 498772175183.171570
1.459184 1.255102 498075188741.825989
1.469388 1.255102 497380092932.588257
1.479592 1.255102 496686862433.221313
1.489796 1.255102 495995472687.107422
1.500000 1.255102 495305899875.951355
1.000000 1.265306 531638647589.253784
1.010204 1.265306 530811692823.887268
1.020408 1.265306 529989267117.065613
1.030612 1.265306 529171249628.440674
1.040816 1.265306 528357524430.075928
1.051020 1.265306 527547980267.326172
1.061224 1.265306 526742510333.415405
1.071429 1.265306 525941012056.805847
1.081633 1.265306 525143386900.519714
1.091837 1.265306 524349540172.635498
1.102041 1.265306 523559380847.241394
1.112245 1.265306 522772821395.176880
1.122449 1.265306 521989777623.946655
1.132653 1.265306 521210168526.229492
1.142857 1.265306 520433916136.451660
1.153061 1.265306 519660945394.927490
1.163265 1.265306 518891184019.105103
1.173469 1.265306 518124562381.491394
1.183673 1.265306 517361013393.851379
1.193878 1.265306 516600472397.314575
1.204082 1.265306 515842877058.035950
1.214286 1.265306 515088167268.091797
1.224490 1.265306 514336285051.302917
1.234694 1.265306 513587174473.706421
1.244898 1.265306 512840781558.409180
1.255102 1.265306 512097054204.575684
1.265306 1.265306 511355942110.320190
1.275510 1.265306 510617396699.284485
1.285714 1.265306 509881371050.699036
1.295918 1.265306 509147819832.737793
1.306122 1.265306 508416699238.986206
1.316327 1.265306 507687966927.856323
1.326531 1.265306 506961581964.791199
1.336735 1.265306 506237504767.109924
1.346939 1.265306 505515697051.356384
1.357143 1.265306 504796121783.018494
1.367347 1.265306 504078743128.496338
1.377551 1.265306 503363526409.204224
1.387755 1.265306 502650438057.696472
1.397959 1.265306 501939445575.714844
1.408163 1.265306 501230517494.060364
1.418367 1.265306 500523623334.199646
1.428571 1.265306 499818733571.517700
1.438776 1.265306 499115819600.139160
1.448980 1.265306 498414853699.236572
1.459184 1.265306 497715809000.758606
1.469388 1.265306 497018659458.505920
1.479592 1.265306 496323379818.491333
1.489796 1.265306 495629945590.524048
1.500000 1.265306 494938333020.959106
1.000000 1.275510 531378207960.456421
1.010204 1.275510 530549090807.248718
1.020408 1.275510 529724501725.490601
1.030612 1.275510 528904320102.731995
1.040816 1.275510 528088430231.676819
1.051020 1.275510 527276721071.360962
1.061224 1.275510 526469086022.013550
1.071429 1.275510 525665422712.692383
1.081633 1.275510 524865632800.859070
1.091837 1.275510 524069621783.115479
1.102041 1.275510 523277298816.383667
1.112245 1.275510 522488576548.863831
1.122449 1.275510 521703370960.152344
1.132653 1.275510 520921601209.945679
1.142857 1.275510 520143189494.797913
1.153061 1.275510 519368060912.437805
1.163265 1.275510 518596143333.181763
1.173469 1.275510 517827367278.017029
1.183673 1.275510 517061665802.954712
1.193878 1.275510 516298974389.278503
1.204082 1.275510 515539230839.346497
1.214286 1.275510 514782375177.615662
1.224490 1.275510 514028349556.592957
1.234694 1.275510 513277098167.427063
1.244898 1.275510 512528567154.875427
1.255102 1.275510 511782704536.403809
1.265306 1.275510 511039460125.181824
1.275510 1.275510 510298785456.762390
1.285714 1.275510 509560633719.239563
1.295918 1.275510 508824959686.694336
1.306122 1.275510 508091719655.752686
1.316327 1.275510 507360871385.085266
1.326531 1.275510 506632374037.692627
1.336735 1.275510 505906188125.829956
1.346939 1.275510 505182275458.429626
1.357143 1.275510 504460599090.893372
1.367347 1.275510 503741123277.130615
1.377551 1.275510 503023813423.726318
1.387755 1.275510 502308636046.131409
1.397959 1.275510 501595558726.772583
1.408163 1.275510 500884550074.983154
1.418367 1.275510 500175579688.667542
1.428571 1.275510 499468618117.609253
1.438776 1.275510 498763636828.344971
1.448980 1.275510 498060608170.525330
1.459184 1.275510 497359505344.692566
1.469388 1.275510 496660302371.403320
1.479592 1.275510 495962974061.637451
1.489796 1.275510 495267495988.425171
1.500000 1.275510 494573844459.639832
1.000000 1.285714 531120994336.492859
1.010204 1.285714 530289702744.080933
1.020408 1.285714 529462938688.250671
1.030612 1.285714 528640581772.312012
1.040816 1.285714 527822516497.925903
1.051020 1.285714 527008632026.557983
1.061224 1.285714 526198821954.601624
1.071429 1.285714 525392984101.262146
1.081633 1.285714 524591020308.364380
1.091837 1.285714 523792836251.313538
1.102041 1.285714 522998341260.484314
1.112245 1.285714 522207448152.380737
1.122449 1.285714 521420073069.942200
1.132653 1.285714 520636135331.429688
1.142857 1.285714 519855557287.354187
1.153061 1.285714 519078264184.957092
1.163265 1.285714 518304184039.778809
1.173469 1.285714 517533247513.890442
1.183673 1.285714 516765387800.387268
1.193878 1.285714 516000540513.773499
1.204082 1.285714 515238643585.890503
1.214286 1.285714 514479637167.066284
1.224490 1.285714 513723463532.182251
1.234694 1.285714 512970066991.377014
1.244898 1.285714 512219393805.121948
1.255102 1.285714 511471392103.421509
1.265306 1.285714 510726011808.908142
1.275510 1.285714 509983204563.615234
1.285714 1.285714 509242923659.224792
1.295918 1.285714 508505123970.600525
1.306122 1.285714 507769761892.427673
1.316327 1.285714 507036795278.792664
1.326531 1.285714 506306183385.545044
1.336735 1.285714 505577886815.294556
1.346939 1.285714 504851867464.905457
1.357143 1.285714 504128088475.355469
1.367347 1.285714 503406514183.839539
1.377551 1.285714 502687110078.000488
1.387755 1.285714 501969842752.180115
1.397959 1.285714 501254679865.586426
1.408163 1.285714 500541590102.281494
1.418367 1.285714 499830543132.898865
1.428571 1.285714 499121509578.004700
1.438776 1.285714 498414460973.021362
1.448980 1.285714 497709369734.637146
1.459184 1.285714 497006209128.630310
1.469388 1.285714 496304953239.038086
1.479592 1.285714 495605576938.607788
1.489796 1.285714 494908055860.467407
1.500000 1.285714 494212366370.958740
1.000000 1.295918 530866924753.394165
1.010204 1.295918 530033447209.318665
1.020408 1.295918 529204497106.963013
1.030612 1.295918 528379954253.600342
1.040816 1.295918 527559703348.492065
1.051020 1.295918 526743633744.596436
1.061224 1.295918 525931639223.933533
1.071429 1.295918 525123617785.697205
1.081633 1.295918 524319471446.280945
1.091837 1.295918 523519106050.442078
1.102041 1.295918 522722431092.887634
1.112245 1.295918 521929359549.617676
1.122449 1.295918 521139807718.408569
1.132653 1.295918 520353695067.865234
1.142857 1.295918 519570944094.508972
1.153061 1.295918 518791480187.408813
1.163265 1.295918 518015231499.895203
1.173469 1.295918 517242128827.928040
1.183673 1.295918 516472105494.721436
1.193878 1.295918 515705097241.253418
1.204082 1.295918 514941042122.313599
1.214286 1.295918 514179880407.766357
1.224490 1.295918 513421554488.726807
1.234694 1.295918 512666008788.368713
1.244898 1.295918 511913189677.098999
1.255102 1.295918 511163045391.854553
1.265306 1.295918 510415525959.287659
1.275510 1.295918 509670583122.626831
1.285714 1.295918 508928170272.008362
1.295918 1.295918 508188242378.089783
1.306122 1.295918 507450755928.767456
1.316327 1.295918 506715668868.829651
1.326531 1.295918 505982940542.390137
1.336735 1.295918 505252531637.954346
1.346939 1.295918 504524404135.978394
1.357143 1.295918 503798521258.791931
1.367347 1.295918 503074847422.763062
1.377551 1.295918 502353348192.587708
1.387755 1.295918 501633990237.596985
1.397959 1.295918 500916741289.978699
1.408163 1.295918 500201570104.818176
1.418367 1.295918 499488446421.866638
1.428571 1.295918 498777340928.950134
1.438776 1.295918 498068225226.941528
1.448980 1.295918 497361071796.214905
1.459184 1.295918 496655853964.513977
1.469388 1.295918 495952545876.163696
1.479592 1.295918 495251122462.562256
1.489796 1.295918 494551559413.891602
1.500000 1.295918 493853833151.988892
1.000000 1.306122 530615920062.421082
1.010204 1.306122 529780245571.760864
1.020408 1.306122 528949098856.185486
1.030612 1.306122 528122359915.461975
1.040816 1.306122 527299913635.409790
1.051020 1.306122 526481649549.845703
1.061224 1.306122 525667461616.169250
1.071429 1.306122 524857248003.685547
1.081633 1.306122 524050910893.829956
1.091837 1.306122 523248356291.521667
1.102041 1.306122 522449493846.929016
1.112245 1.306122 521654236686.982544
1.122449 1.306122 520862501256.021118
1.132653 1.306122 520074207164.997192
1.142857 1.306122 519289277048.712646
1.153061 1.306122 518507636430.588501
1.163265 1.306122 517729213594.511902
1.173469 1.306122 516953939463.331604
1.183673 1.306122 516181747483.603088
1.193878 1.306122 515412573516.214172
1.204082 1.306122 514646355732.542786
1.214286 1.306122 513883034515.825806
1.224490 1.306122 513122552367.435730
1.234694 1.306122 512364853817.785095
1.244898 1.306122 511609885341.593506
1.255102 1.306122 510857595277.272217
1.265306 1.306122 510107933750.195557
1.275510 1.306122 509360852599.641846
1.285714 1.306122 508616305309.203735
1.295918 1.306122 507874246940.475891
1.306122 1.306122 507134634069.844604
1.316327 1.306122 506397424728.210083
1.326531 1.306122 505662578343.486938
1.336735 1.306122 504930055685.732056
1.346939 1.306122 504199818814.767578
1.357143 1.306122 503471831030.161377
1.367347 1.306122 502746056823.449280
1.377551 1.306122 502022461832.478638
1.387755 1.306122 501301012797.769104
1.397959 1.306122 500581677520.785217
1.408163 1.306122 499864424824.026062
1.418367 1.306122 499149224512.840515
1.428571 1.306122 498436047338.883118
1.438776 1.306122 497724864965.128784
1.448980 1.306122 497015649932.371643
1.459184 1.306122 496308375627.132935
1.469388 1.306122 495603016250.913940
1.479592 1.306122 494899546790.725586
1.489796 1.306122 494197942990.836731
1.500000 1.306122 493498181325.682373
1.000000 1.316327 530367903810.496765
1.010204 1.316327 529530021875.478455
1.020408 1.316327 528696668465.778809
1.030612 1.316327 527867723762.503784
1.040816 1.316327 527043072827.292603
1.051020 1.316327 526222605364.477234
1.061224 1.316327 525406215496.869812
1.071429 1.316327 524593801554.278931
1.081633 1.316327 523785265873.915344
1.091837 1.316327 522980514611.919373
1.102041 1.316327 522179457565.290710
1.112245 1.316327 521382008003.556946
1.122449 1.316327 520588082509.568848
1.132653 1.316327 519797600828.846741
1.142857 1.316327 519010485726.950806
1.153061 1.316327 518226662854.379456
1.163265 1.316327 517446060618.538452
1.173469 1.316327 516668610062.352417
1.183673 1.316327 515894244749.122375
1.193878 1.316327 515122900653.256775
1.204082 1.316327 514354516056.531738
1.214286 1.316327 513589031449.556213
1.224490 1.316327 512826389438.142456
1.234694 1.316327 512066534654.299011
1.244898 1.316327 511309413671.583374
1.255102 1.316327 510554974924.567871
1.265306 1.316327 509803168632.189636
1.275510 1.316327 509053946724.767029
1.285714 1.316327 508307262774.481384
1.295918 1.316327 507563071929.134766
1.306122 1.316327 506821330849.005981
1.316327 1.316327 506081997646.636597
1.326531 1.316327 505345031829.392822
1.336735 1.316327 504610394244.653503
1.346939 1.316327 503878047027.489380
1.357143 1.316327 503147953550.698425
1.367347 1.316327 502420078377.081055
1.377551 1.316327 501694387213.835571
1.387755 1.316327 500970846868.966797
1.397959 1.316327 500249425209.607056
1.408163 1.316327 499530091122.150940
1.418367 1.316327 498812814474.115356
1.428571 1.316327 498097566077.637939
1.438776 1.316327 497384317654.533020
1.448980 1.316327 496673041802.830078
1.459184 1.316327 495963711964.721069
1.469388 1.316327 495256302395.849609
1.479592 1.316327 494550788135.877625
1.489796 1.316327 493847144980.268188
1.500000 1.316327 493145349453.227539
1.000000 1.326531 530122802126.655273
1.010204 1.326531 529282702727.185486
1.020408 1.326531 528447133009.181274
1.030612 1.326531 527615973324.236328
1.040816 1.326531 526789108899.363098
1.051020 1.326531 525966429599.345947
1.061224 1.326531 525147829702.713318
1.071429 1.326531 524333207690.428040
1.081633 1.326531 523522466046.461243
1.091837 1.326531 522715511069.474121
1.102041 1.326531 521912252694.899719
1.112245 1.326531 521112604326.753235
1.122449 1.326531 520316482678.562317
1.132653 1.326531 519523807622.843567
1.142857 1.326531 518734502048.594360
1.153061 1.326531 517948491726.309692
1.163265 1.326531 517165705180.062012
1.173469 1.326531 516386073566.220642
1.183673 1.326531 515609530558.410583
1.193878 1.326531 514836012238.340820
1.204082 1.326531 514065456992.158508
1.214286 1.326531 513297805412.002747
1.224490 1.326531 512533000202.460510
1.234694 1.326531 511770986091.641418
1.244898 1.326531 511011709746.609070
1.255102 1.326531 510255119692.922180
1.265306 1.326531 509501166238.055969
1.275510 1.326531 508749801398.488831
1.285714 1.326531 508000978830.249939
1.295918 1.326531 507254653762.741272
1.306122 1.326531 506510782935.654724
1.316327 1.326531 505769324538.817566
1.326531 1.326531 505030238154.811523
1.336735 1.326531 504293484704.214905
1.346939 1.326531 503559026393.334839
1.357143 1.326531 502826826664.294006
1.367347 1.326531 502096850147.354370
1.377551 1.326531 501369062615.359802
1.387755 1.326531 500643430940.191040
1.397959 1.326531 499919923051.130127
1.408163 1.326531 499198507895.038269
1.418367 1.326531 498479155398.256470
1.428571 1.326531 497761836430.144165
1.438776 1.326531 497046522768.173584
1.448980 1.326531 496333187064.505127
1.459184 1.326531 495621802813.971069
1.469388 1.326531 494912344323.399231
1.479592 1.326531 494204786682.213928
1.489796 1.326531 493499105734.251038
1.500000 1.326531 492795278050.731873
1.000000 1.336735 529880543614.155701
1.010204 1.336735 529038217189.227966
1.020408 1.336735 528200421997.254456
1.030612 1.336735 527367038549.758667
1.040816 1.336735 526537952228.960632
1.051020 1.336735 525713053050.304626
1.061224 1.336735 524892235438.599182
1.071429 1.336735 524075398016.864380
1.081633 1.336735 523262443407.054565
1.091837 1.336735 522453278041.885986
1.102041 1.336735 521647811987.050049
1.112245 1.336735 520845958773.155457
1.122449 1.336735 520047635236.780518
1.132653 1.336735 519252761370.065918
1.142857 1.336735 518461260178.319275
1.153061 1.336735 517673057545.137695
1.163265 1.336735 516888082104.590088
1.173469 1.336735 516106265120.032593
1.183673 1.336735 515327540369.160828
1.193878 1.336735 514551844034.927856
1.204082 1.336735 513779114601.981140
1.214286 1.336735 513009292758.300415
1.224490 1.336735 512242321301.729736
1.234694 1.336735 511478145051.127686
1.244898 1.336735 510716710761.870300
1.255102 1.336735 509957967045.461243
1.265306 1.336735 509201864293.019104
1.275510 1.336735 508448354602.427551
1.285714 1.336735 507697391708.944092
1.295918 1.336735 506948930919.081299
1.306122 1.336735 506202929047.579163
1.316327 1.336735 505459344357.306458
1.326531 1.336735 504718136501.931152
1.336735 1.336735 503979266471.213318
1.346939 1.336735 503242696538.786316
1.357143 1.336735 502508390212.290161
1.367347 1.336735 501776312185.740601
1.377551 1.336735 501046428294.015808
1.387755 1.336735 500318705469.353027
1.397959 1.336735 499593111699.754272
1.408163 1.336735 498869615989.203308
1.418367 1.336735 498148188319.604980
1.428571 1.336735 497428799614.359863
1.438776 1.336735 496711421703.495361
1.448980 1.336735 495996027290.275024
1.459184 1.336735 495282589919.215454
1.469388 1.336735 494571083945.443726
1.479592 1.336735 493861484505.328064
1.489796 1.336735 493153767488.324951
1.500000 1.336735 492447909509.981445
1.000000 1.346939 529641059247.936401
1.010204 1.346939 528796496677.866455
1.020408 1.346939 527956467277.378296
1.030612 1.346939 527120851707.649475
1.040816 1.346939 526289535496.212402
1.051020 1.346939 525462408799.640686
1.061224 1.346939 524639366179.836731
1.071429 1.346939 523820306393.020935
1.081633 1.346939 523005132190.589111
1.091837 1.346939 522193750131.067505
1.102041 1.346939 521386070402.448242
1.112245 1.346939 520582006654.247192
1.122449 1.346939 519781475838.666565
1.132653 1.346939 518984398060.293518
1.142857 1.346939 518190696433.804810
1.153061 1.346939 517400296949.186035
1.163265 1.346939 516613128344.004883
1.173469 1.346939 515829121982.315308
1.183673 1.346939 515048211739.793091
1.193878 1.346939 514270333894.734314
1.204082 1.346939 513495427024.569946
1.214286 1.346939 512723431907.576233
1.224490 1.346939 511954291429.478943
1.234694 1.346939 511187950494.671082
1.244898 1.346939 510424355941.780396
1.255102 1.346939 509663456463.343140
1.265306 1.346939 508905202529.351196
1.275510 1.346939 508149546314.460205
1.285714 1.346939 507396441628.654175
1.295918 1.346939 506645843851.179443
1.306122 1.346939 505897709867.570801
1.316327 1.346939 505151998009.600464
1.326531 1.346939 504408667997.997314
1.336735 1.346939 503667680887.787048
1.346939 1.346939 502928999016.116211
1.357143 1.346939 502192585952.430420
1.367347 1.346939 501458406450.883789
1.377551 1.346939 500726426404.866882
1.387755 1.346939 499996612803.541504
1.397959 1.346939 499268933690.284729
1.408163 1.346939 498543358122.941467
1.418367 1.346939 497819856135.799927
1.428571 1.346939 497098398703.199951
1.438776 1.346939 496378957704.696777
1.448980 1.346939 495661505891.703003
1.459184 1.346939 494946016855.536804
1.469388 1.346939 494232464996.808044
1.479592 1.346939 493520825496.079956
1.489796 1.346939 492811074285.743469
1.500000 1.346939 492103188023.046997
1.000000 1.357143 529404282277.105408
1.010204 1.357143 528557474866.552612
1.020408 1.357143 527715202937.498169
1.030612 1.357143 526877347290.768433
1.040816 1.357143 526043793589.575867
1.051020 1.357143 525214432122.342957
1.061224 1.357143 524389157579.121643
1.071429 1.357143 523567868840.709412
1.081633 1.357143 522750468779.624451
1.091837 1.357143 521936864072.175171
1.102041 1.357143 521126965020.903748
1.112245 1.357143 520320685386.747498
1.122449 1.357143 519517942230.299377
1.132653 1.357143 518718655761.601318
1.142857 1.357143 517922749197.938782
1.153061 1.357143 517130148629.145325
1.163265 1.357143 516340782889.958252
1.173469 1.357143 515554583439.001709
1.183673 1.357143 514771484243.997864
1.193878 1.357143 513991421672.836792
1.204082 1.357143 513214334390.161072
1.214286 1.357143 512440163259.142334
1.224490 1.357143 511668851248.149536
1.234694 1.357143 510900343342.027649
1.244898 1.357143 510134586457.724426
1.255102 1.357143 509371529364.020569
1.265306 1.357143 508611122605.131653
1.275510 1.357143 507853318427.968506
1.285714 1.357143 507098070712.852478
1.295918 1.357143 506345334907.498535
1.306122 1.357143 505595067964.087463
1.316327 1.357143 504847228279.260925
1.326531 1.357143 504101775636.884277
1.336735 1.357143 503358671153.428650
1.346939 1.357143 502617877225.836365
1.357143 1.357143 501879357481.737793
1.367347 1.357143 501143076731.899841
1.377551 1.357143 500409000924.789612
1.387755 1.357143 499677097103.146484
1.397959 1.357143 498947333362.458557
1.408163 1.357143 498219678811.251099
1.418367 1.357143 497494103533.092285
1.428571 1.357143 496770578550.234253
1.438776 1.357143 496049075788.806580
1.448980 1.357143 495329568045.488647
1.459184 1.357143 494612028955.585388
1.469388 1.357143 493896432962.442505
1.479592 1.357143 493182755288.134277
1.489796 1.357143 492470971905.363708
1.500000 1.357143 491761059510.519714
1.000000 1.367347 529170148132.180298
1.010204 1.367347 528321087593.916016
1.020408 1.367347 527476565214.841309
1.030612 1.367347 526636461925.690369
1.040816 1.367347 525800663515.973633
1.051020 1.367347 524969060396.925110
1.061224 1.367347 524141547378.035828
1.071429 1.367347 523318023456.280212
1.081633 1.367347 522498391617.196960
1.091837 1.367347 521682558647.056213
1.102041 1.367347 520870434955.400696
1.112245 1.367347 520061934407.296204
1.122449 1.367347 519256974164.680603
1.132653 1.367347 518455474536.238647
1.142857 1.367347 517657358835.276794
1.153061 1.367347 516862553245.103821
1.163265 1.367347 516070986691.459839
1.173469 1.367347 515282590721.568176
1.183673 1.367347 514497299389.413879
1.193878 1.367347 513715049146.878540
1.204082 1.367347 512935778740.385925
1.214286 1.367347 512159429112.738342
1.224490 1.367347 511385943309.841370
1.234694 1.367347 510615266392.037659
1.244898 1.367347 509847345349.787170
1.255102 1.367347 509082129023.446960
1.265306 1.367347 508319568026.922974
1.275510 1.367347 507559614674.977295
1.285714 1.367347 506802222913.989136
1.295918 1.367347 506047348255.981567
1.306122 1.367347 505294947715.736389
1.316327 1.367347 504544979750.830200
1.326531 1.367347 503797404204.436707
1.336735 1.367347 503052182250.747131
1.346939 1.367347 502309276342.872314
1.357143 1.367347 501568650163.096191
1.367347 1.367347 500830268575.357910
1.377551 1.367347 500094097579.850220
1.387755 1.367347 499360104269.622681
1.397959 1.367347 498628256789.091248
1.408163 1.367347 497898524294.356140
1.418367 1.367347 497170876915.237549
1.428571 1.367347 496445285718.945374
1.438776 1.367347 495721722675.301575
1.448980 1.367347 495000160623.438049
1.459184 1.367347 494280573239.899841
1.469388 1.367347 493562935008.085999
1.479592 1.367347 492847221188.961121
1.489796 1.367347 492133407792.981934
1.500000 1.367347 491421471553.175720
1.000000 1.377551 528938594336.812866
1.010204 1.377551 528087272776.195862
1.020408 1.377551 527240492409.044373
1.030612 1.377551 526398134286.510803
1.040816 1.377551 525560084315.266602
1.051020 1.377551 524726233020.552490
1.061224 1.377551 523896475322.813477
1.071429 1.377551 523070710327.018005
1.081633 1.377551 522248841123.830444
1.091837 1.377551 521430774601.864624
1.102041 1.377551 520616421270.306763
1.112245 1.377551 519805695091.245972
1.122449 1.377551 518998513321.097595
1.132653 1.377551 518194796360.551270
1.142857 1.377551 517394467612.515198
1.153061 1.377551 516597453347.562256
1.163265 1.377551 515803682576.423706
1.173469 1.377551 515013086929.102173
1.183673 1.377551 514225600540.208618
1.193878 1.377551 513441159940.154114
1.204082 1.377551 512659703951.849792
1.214286 1.377551 511881173592.595459
1.224490 1.377551 511105511980.854614
1.234694 1.377551 510332664247.637390
1.244898 1.377551 509562577452.226929
1.255102 1.377551 508795200502.004761
1.265306 1.377551 508030484076.146179
1.275510 1.377551 507268380552.969238
1.285714 1.377551 506508843940.736755
1.295918 1.377551 505751829811.722290
1.306122 1.377551 504997295239.362671
1.316327 1.377551 504245198738.331238
1.326531 1.377551 503495500207.375122
1.336735 1.377551 502748160874.771057
1.346939 1.377551 502003143246.259644
1.357143 1.377551 501260411055.331726
1.367347 1.377551 500519929215.742493
1.377551 1.377551 499781663776.138794
1.387755 1.377551 499045581876.693176
1.397959 1.377551 498311651707.641357
1.408163 1.377551 497579842469.627747
1.418367 1.377551 496850124335.768799
1.428571 1.377551 496122468415.348755
1.438776 1.377551 495396846719.066772
1.448980 1.377551 494673232125.760559
1.459184 1.377551 493951598350.533325
1.469388 1.377551 493231919914.217712
1.479592 1.377551 492514172114.111267
1.489796 1.377551 491798330995.923523
1.500000 1.377551 491084373326.877502
1.000000 1.387755 528709560423.747559
1.010204 1.387755 527855970323.872070
1.020408 1.387755 527006924799.441772
1.030612 1.387755 526162305012.782104
1.040816 1.387755 525321996978.821472
1.051020 1.387755 524485891328.230469
1.061224 1.387755 523653883084.138367
1.071429 1.387755 522825871451.534302
1.081633 1.387755 522001759618.515442
1.091837 1.387755 521181454568.613708
1.102041 1.387755 520364866903.489868
1.112245 1.387755 519551910675.330017
1.122449 1.387755 518742503228.334351
1.132653 1.387755 517936565048.726746
1.142857 1.387755 517134019622.759094
1.153061 1.387755 516334793302.213623
1.163265 1.387755 515538815176.952271
1.173469 1.387755 514746016954.082397
1.183673 1.387755 513956332843.344727
1.193878 1.387755 513169699448.354065
1.204082 1.387755 512386055663.346436
1.214286 1.387755 511605342575.113159
1.224490 1.387755 510827503369.820862
1.234694 1.387755 510052483244.435364
1.244898 1.387755 509280229322.490234
1.255102 1.387755 508510690573.951172
1.265306 1.387755 507743817738.950134
1.275510 1.387755 506979563255.171082
1.285714 1.387755 506217881188.688171
1.295918 1.387755 505458727168.066284
1.306122 1.387755 504702058321.547180
1.316327 1.387755 503947833217.155579
1.326531 1.387755 503196011805.567932
1.336735 1.387755 502446555365.598633
1.346939 1.387755 501699426452.164795
1.357143 1.387755 500954588846.600769
1.367347 1.387755 500212007509.200867
1.377551 1.387755 499471648533.873352
1.387755 1.387755 498733479104.801514
1.397959 1.387755 497997467455.007019
1.408163 1.387755 497263582826.719727
1.418367 1.387755 496531795433.466064
1.428571 1.387755 495802076423.788513
1.438776 1.387755 495074397846.515564
1.448980 1.387755 494348732617.507690
1.459184 1.387755 493625054487.806946
1.469388 1.387755 492903338013.121338
1.479592 1.387755 492183558524.581787
1.489796 1.387755 491465692100.709473
1.500000 1.387755 490749715540.536865
1.000000 1.397959 528482987854.779297
1.010204 1.397959 527627122062.262695
1.020408 1.397959 526775804566.289124
1.030612 1.397959 525928916631.348267
1.040816 1.397959 525086344371.949219
1.051020 1.397959 524247978515.830627
1.061224 1.397959 523413714180.748291
1.071429 1.397959 522583450663.939575
1.081633 1.397959 521757091243.435486
1.091837 1.397959 520934542990.448914
1.102041 1.397959 520115716592.125183
1.112245 1.397959 519300526183.995667
1.122449 1.397959 518488889191.520081
1.132653 1.397959 517680726180.148315
1.142857 1.397959 516875960713.373230
1.153061 1.397959 516074519218.282837
1.163265 1.397959 515276330858.154785
1.173469 1.397959 514481327411.667358
1.183673 1.397959 513689443158.330994
1.193878 1.397959 512900614769.769409
1.204082 1.397959 512114781206.508362
1.214286 1.397959 511331883619.948608
1.224490 1.397959 510551865259.222717
1.234694 1.397959 509774671382.656433
1.244898 1.397959 509000249173.572083
1.255102 1.397959 508228547660.187866
1.265306 1.397959 507459517639.384094
1.275510 1.397959 506693111604.122131
1.285714 1.397959 505929283674.313599
1.295918 1.397959 505167989530.950928
1.306122 1.397959 504409186353.323303
1.316327 1.397959 503652832759.151367
1.326531 1.397959 502898888747.483521
1.336735 1.397959 502147315644.209351
1.346939 1.397959 501398076050.051025
1.357143 1.397959 500651133790.902710
1.367347 1.397959 499906453870.398438
1.377551 1.397959 499164002424.590881
1.387755 1.397959 498423746678.635498
1.397959 1.397959 497685654905.376465
1.408163 1.397959 496949696385.740173
1.418367 1.397959 496215841370.844299
1.428571 1.397959 495484061045.738892
1.438776 1.397959 494754327494.697510
1.448980 1.397959 494026613667.982910
1.459184 1.397959 493300893350.017090
1.469388 1.397959 492577141128.884338
1.479592 1.397959 491855332367.107178
1.489796 1.397959 491135443173.632568
1.500000 1.397959 490417450376.970642
1.000000 1.408163 528258819944.492798
1.010204 1.408163 527400671655.868896
1.020408 1.408163 526547075715.704224
1.030612 1.408163 525697913481.870117
1.040816 1.408163 524853071159.998291
1.051020 1.408163 524012439566.746521
1.061224 1.408163 523175913906.639343
1.071429 1.408163 522343393561.585632
1.081633 1.408163 521514781892.239441
1.091837 1.408163 520689986050.436707
1.102041 1.408163 519868916801.992920
1.112245 1.408163 519051488359.200562
1.122449 1.408163 518237618222.415833
1.132653 1.408163 517427227030.161438
1.142857 1.408163 516620238417.220642
1.153061 1.408163 515816578880.228516
1.163265 1.408163 515016177650.304626
1.173469 1.408163 514218966572.300171
1.183673 1.408163 513424879990.265564
1.193878 1.408163 512633854638.766846
1.204082 1.408163 511845829539.707092
1.214286 1.408163 511060745904.332214
1.224490 1.408163 510278547040.119324
1.234694 1.408163 509499178262.269653
1.244898 1.408163 508722586809.540527
1.255102 1.408163 507948721764.174316
1.265306 1.408163 507177533975.693604
1.275510 1.408163 506408975988.346497
1.285714 1.408163 505643001972.002991
1.295918 1.408163 504879567656.311707
1.306122 1.408163 504118630267.941284
1.316327 1.408163 503360148470.739380
1.326531 1.408163 502604082308.653564
1.336735 1.408163 501850393151.267944
1.346939 1.408163 501099043641.817078
1.357143 1.408163 500349997647.549011
1.367347 1.408163 499603220212.313293
1.377551 1.408163 498858677511.262573
1.387755 1.408163 498116336807.556152
1.397959 1.408163 497376166410.967407
1.408163 1.408163 496638135638.296387
1.418367 1.408163 495902214775.498718
1.428571 1.408163 495168375041.445007
1.438776 1.408163 494436588553.231201
1.448980 1.408163 493706828292.962402
1.459184 1.408163 492979068075.939392
1.469388 1.408163 492253282520.180969
1.479592 1.408163 491529447017.215515
1.489796 1.408163 490807537704.083740
1.500000 1.408163 490087531436.494629
1.000000 1.418367 528037001787.575073
1.010204 1.418367 527176564536.266052
1.020408 1.418367 526320684008.122009
1.030612 1.418367 525469241645.833984
1.040816 1.418367 524622123737.909485
1.051020 1.418367 523779221181.978394
1.061224 1.418367 522940429261.673645
1.071429 1.418367 522105647436.185730
1.081633 1.418367 521274779141.662292
1.091837 1.418367 520447731603.680054
1.102041 1.418367 519624415660.077148
1.112245 1.418367 518804745593.486206
1.122449 1.418367 517988638972.952271
1.132653 1.418367 517176016504.069885
1.142857 1.418367 516366801887.107300
1.153061 1.418367 515560921682.628723
1.163265 1.418367 514758305184.157166
1.173469 1.418367 513958884297.450317
1.183673 1.418367 513162593425.996643
1.193878 1.418367 512369369362.359497
1.204082 1.418367 511579151185.025574
1.214286 1.418367 510791880160.436951
1.224490 1.418367 510007499649.905029
1.234694 1.418367 509225955021.129028
1.244898 1.418367 508447193564.051758
1.255102 1.418367 507671164410.813721
1.265306 1.418367 506897818459.569824
1.275510 1.418367 506127108301.959534
1.285714 1.418367 505358988154.024170
1.295918 1.418367 504593413790.386536
1.306122 1.418367 503830342481.512634
1.316327 1.418367 503069732933.892883
1.326531 1.418367 502311545232.982056
1.336735 1.418367 501555740788.756958
1.346939 1.418367 500802282283.749695
1.357143 1.418367 500051133623.429932
1.367347 1.418367 499302259888.811340
1.377551 1.418367 498555627291.172119
1.387755 1.418367 497811203128.776733
1.397959 1.418367 497068955745.500000
1.408163 1.418367 496328854491.258057
1.418367 1.418367 495590869684.153748
1.428571 1.418367 494854972574.253357
1.438776 1.418367 494121135308.911743
1.448980 1.418367 493389330899.574097
1.459184 1.418367 492659533189.976929
1.469388 1.418367 491931716825.685852
1.479592 1.418367 491205857224.902710
1.489796 1.418367 490481930550.483154
1.500000 1.418367 489759913683.106689
1.000000 1.428571 527817480189.510376
1.010204 1.428571 526954747833.346741
1.020408 1.428571 526096576890.076599
1.030612 1.428571 525242848878.860657
1.040816 1.428571 524393450163.039734
1.051020 1.428571 523548271713.465759
1.061224 1.428571 522707208885.406982
1.071429 1.428571 521870161208.129150
1.081633 1.428571 521037032186.318604
1.091837 1.428571 520207729112.578430
1.102041 1.428571 519382162890.286072
1.112245 1.428571 518560247866.148376
1.122449 1.428571 517741901671.844666
1.132653 1.428571 516927045074.184753
1.142857 1.428571 516115601833.257568
1.153061 1.428571 515307498568.074890
1.163265 1.428571 514502664629.255798
1.173469 1.428571 513701031978.324890
1.183673 1.428571 512902535073.229431
1.193878 1.428571 512107110759.703796
1.204082 1.428571 511314698168.139221
1.214286 1.428571 510525238615.635681
1.224490 1.428571 509738675512.936401
1.234694 1.428571 508954954275.964783
1.244898 1.428571 508174022241.700989
1.255102 1.428571 507395828588.153564
1.265306 1.428571 506620324258.196106
1.275510 1.428571 505847461887.054749
1.285714 1.428571 505077195733.244385
1.295918 1.428571 504309481612.765381
1.306122 1.428571 503544276836.383911
1.316327 1.428571 502781540149.828308
1.326531 1.428571 502021231676.748474
1.336735 1.428571 501263312864.288757
1.346939 1.428571 500507746431.137634
1.357143 1.428571 499754496317.926453
1.367347 1.428571 499003527639.851929
1.377551 1.428571 498254806641.411621
1.387755 1.428571 497508300653.141724
1.397959 1.428571 496763978050.256165
1.408163 1.428571 496021808213.092102
1.418367 1.428571 495281761489.270264
1.428571 1.428571 494543809157.485718
1.438776 1.428571 493807923392.848083
1.448980 1.428571 493074077233.695984
1.459184 1.428571 492342244549.812622
1.469388 1.428571 491612400011.976990
1.479592 1.428571 490884519062.784241
1.489796 1.428571 490158577888.676208
1.500000 1.428571 489434553393.124634
1.000000 1.438776 527600203600.474976
1.010204 1.438776 526735170309.738098
1.020408 1.438776 525874703429.129272
1.030612 1.438776 525018684546.135254
1.040816 1.438776 524167000091.084290
1.051020 1.438776 523319541100.489441
1.061224 1.438776 522476202993.965149
1.071429 1.438776 521636885363.820618
1.081633 1.438776 520801491776.495239
1.091837 1.438776 519969929585.068054
1.102041 1.438776 519142109752.128540
1.112245 1.438776 518317946682.344666
1.122449 1.438776 517497358064.119690
1.132653 1.438776 516680264719.764954
1.142857 1.438776 515866590463.661316
1.153061 1.438776 515056261967.917297
1.163265 1.438776 514249208635.068420
1.173469 1.438776 513445362477.389404
1.183673 1.438776 512644658002.424805
1.193878 1.438776 511847032104.368835
1.204082 1.438776 511052423960.949219
1.214286 1.438776 510260774935.493042
1.224490 1.438776 509472028483.875854
1.234694 1.438776 508686130066.073242
1.244898 1.438776 507903027062.050659
1.255102 1.438776 507122668691.750183
1.265306 1.438776 506345005938.940674
1.275510 1.438776 505569991478.719666
1.285714 1.438776 504797579608.463501
1.295918 1.438776 504027726182.037231
1.306122 1.438776 503260388547.089478
1.316327 1.438776 502495525485.262329
1.326531 1.438776 501733097155.163635
1.336735 1.438776 500973065037.953735
1.346939 1.438776 500215391885.408630
1.357143 1.438776 499460041670.331177
1.367347 1.438776 498706979539.187500
1.377551 1.438776 497956171766.854919
1.387755 1.438776 497207585713.372070
1.397959 1.438776 496461189782.591492
1.408163 1.438776 495716953382.636719
1.418367 1.438776 494974846888.076355
1.428571 1.438776 494234841603.725342
1.438776 1.438776 493496909729.998474
1.448980 1.438776 492761024329.736572
1.459184 1.438776 492027159296.433777
1.469388 1.438776 491295289323.800232
1.479592 1.438776 490565389876.594421
1.489796 1.438776 489837437162.664856
1.500000 1.438776 489111408106.144348
1.000000 1.448980 527385122052.261169
1.010204 1.448980 526517782298.222290
1.020408 1.448980 525655014251.777649
1.030612 1.448980 524796699560.792969
1.040816 1.448980 523942724714.929626
1.051020 1.448980 523092980808.984497
1.061224 1.448980 522247363319.804871
1.071429 1.448980 521405771895.882019
1.081633 1.448980 520568110158.786621
1.091837 1.448980 519734285515.680603
1.102041 1.448980 518904208982.189819
1.112245 1.448980 518077795014.976746
1.122449 1.448980 517254961353.400574
1.132653 1.448980 516435628869.695435
1.142857 1.448980 515619721427.137268
1.153061 1.448980 514807165745.708801
1.163265 1.448980 513997891274.804138
1.173469 1.448980 513191830072.549377
1.183673 1.448980 512388916691.340515
1.193878 1.448980 511589088069.231262
1.204082 1.448980 510792283426.824524
1.214286 1.448980 509998444169.347595
1.224490 1.448980 509207513793.609985
1.234694 1.448980 508419437799.563171
1.244898 1.448980 507634163606.201477
1.255102 1.448980 506851640471.556458
1.265306 1.448980 506071819416.557922
1.275510 1.448980 505294653152.544800
1.285714 1.448980 504520096012.225464
1.295918 1.448980 503748103883.898193
1.306122 1.448980 502978634148.754639
1.316327 1.448980 502211645621.101074
1.326531 1.448980 501447098491.340881
1.336735 1.448980 500684954271.570251
1.346939 1.448980 499925175743.653381
1.357143 1.448980 499167726909.642029
1.367347 1.448980 498412572944.424133
1.377551 1.448980 497659680150.479492
1.387755 1.448980 496909015914.643311
1.397959 1.448980 496160548666.765625
1.408163 1.448980 495414247840.181824
1.418367 1.448980 494670083833.893860
1.428571 1.448980 493928027976.383911
1.438776 1.448980 493188052490.976929
1.448980 1.448980 492450130462.676758
1.459184 1.448980 491714235806.403931
1.469388 1.448980 490980343236.567871
1.479592 1.448980 490248428237.908875
1.489796 1.448980 489518467037.550293
1.500000 1.448980 488790436578.201843
1.000000 1.459184 527172187098.070740
1.010204 1.459184 526302535642.004517
1.020408 1.459184 525437461484.185303
1.030612 1.459184 524576846325.103943
1.040816 1.459184 523720576706.284180
1.051020 1.459184 522868543773.606567
1.061224 1.459184 522020643054.209534
1.071429 1.459184 521176774246.068298
1.081633 1.459184 520336841019.421570
1.091837 1.459184 519500750829.273438
1.102041 1.459184 518668414738.258057
1.112245 1.459184 517839747249.206848
1.122449 1.459184 517014666146.803589
1.132653 1.459184 516193092347.758728
1.142857 1.459184 515374949758.974060
1.153061 1.459184 514560165143.205322
1.163265 1.459184 513748667991.767517
1.173469 1.459184 512940390403.854126
1.183673 1.459184 512135266972.077209
1.193878 1.459184 511333234673.856628
1.204082 1.459184 510534232768.313110
1.214286 1.459184 509738202698.347900
1.224490 1.459184 508945087997.602600
1.234694 1.459184 508154834202.023987
1.244898 1.459184 507367388765.768250
1.255102 1.459184 506582700981.201416
1.265306 1.459184 505800721902.764954
1.275510 1.459184 505021404274.492554
1.285714 1.459184 504244702460.976013
1.295918 1.459184 503470572381.592163
1.306122 1.459184 502698971447.812744
1.316327 1.459184 501929858503.432800
1.326531 1.459184 501163193767.558777
1.336735 1.459184 500398938780.213013
1.346939 1.459184 499637056350.414795
1.357143 1.459184 498877510506.608398
1.367347 1.459184 498120266449.318054
1.377551 1.459184 497365290505.913025
1.387755 1.459184 496612550087.376465
1.397959 1.459184 495862013646.975891
1.408163 1.459184 495113650640.738281
1.418367 1.459184 494367431489.641479
1.428571 1.459184 493623327543.435242
1.438776 1.459184 492881311046.012146
1.448980 1.459184 492141355102.251282
1.459184 1.459184 491403433646.264343
1.469388 1.459184 490667521410.976501
1.479592 1.459184 489933593898.976074
1.489796 1.459184 489201627354.574890
1.500000 1.459184 488471598737.019653
1.000000 1.469388 526961351755.027832
1.010204 1.469388 526089383637.675171
1.020408 1.469388 525221998695.587463
1.030612 1.469388 524359078674.310791
1.040816 1.469388 523500510159.939697
1.051020 1.469388 522646184342.410278
1.061224 1.469388 521795996792.373596
1.071429 1.469388 520949847250.751709
1.081633 1.469388 520107639430.140259
1.091837 1.469388 519269280827.291931
1.102041 1.469388 518434682545.963440
1.112245 1.469388 517603759129.467102
1.122449 1.469388 516776428402.311890
1.132653 1.469388 515952611320.365479
1.142857 1.469388 515132231829.009094
1.153061 1.469388 514315216728.790405
1.163265 1.469388 513501495548.121094
1.173469 1.469388 512691000422.589905
1.183673 1.469388 511883665980.496765
1.193878 1.469388 511079429234.237854
1.204082 1.469388 510278229477.195557
1.214286 1.469388 509480008185.815125
1.224490 1.469388 508684708926.562744
1.234694 1.469388 507892277267.490112
1.244898 1.469388 507102660694.137512
1.255102 1.469388 506315808529.535461
1.265306 1.469388 505531671858.070984
1.275510 1.469388 504750203453.005432
1.285714 1.469388 503971357707.443665
1.295918 1.469388 503195090568.562317
1.306122 1.469388 502421359474.923218
1.316327 1.469388 501650123296.704895
1.326531 1.469388 500881342278.695129
1.336735 1.469388 500114977985.898438
1.346939 1.469388 499350993251.622070
1.357143 1.469388 498589352127.908875
1.367347 1.469388 497830019838.196655
1.377551 1.469388 497072962732.088806
1.387755 1.469388 496318148242.128662
1.397959 1.469388 495565544842.474670
1.408163 1.469388 494815122009.382385
1.418367 1.469388 494066850183.400940
1.428571 1.469388 493320700733.200500
1.438776 1.469388 492576645920.948853
1.448980 1.469388 491834658869.161743
1.459184 1.469388 491094713528.955872
1.469388 1.469388 490356784649.634827
1.479592 1.469388 489620847749.546753
1.489796 1.469388 488886879088.150330
1.500000 1.469388 488154855639.233459
1.000000 1.479592 526752570449.268799
1.010204 1.479592 525878280980.730347
1.020408 1.479592 525008580844.230591
1.030612 1.479592 524143351822.981384
1.040816 1.479592 523282480540.528503
1.051020 1.479592 522425858224.000977
1.061224 1.479592 521573380480.945190
1.071429 1.479592 520724947088.844482
1.081633 1.479592 519880461796.489807
1.091837 1.479592 519039832136.431580
1.102041 1.479592 518202969247.800903
1.112245 1.479592 517369787708.834778
1.122449 1.479592 516540205378.496033
1.132653 1.479592 515714143246.614685
1.142857 1.479592 514891525292.023621
1.153061 1.479592 514072278348.196350
1.163265 1.479592 513256331975.928833
1.173469 1.479592 512443618342.639526
1.183673 1.479592 511634072107.892456
1.193878 1.479592 510827630314.770691
1.204082 1.479592 510024232286.758789
1.214286 1.479592 509223819529.810364
1.224490 1.479592 508426335639.300049
1.234694 1.479592 507631726211.581909
1.244898 1.479592 506839938759.887939
1.255102 1.479592 506050922634.326050
1.265306 1.479592 505264628945.742004
1.275510 1.479592 504481010493.236938
1.285714 1.479592 503700021695.132385
1.295918 1.479592 502921618523.199402
1.306122 1.479592 502145758439.971252
1.316327 1.479592 501372400338.973938
1.326531 1.479592 500601504487.720459
1.336735 1.479592 499833032473.319214
1.346939 1.479592 499066947150.561096
1.357143 1.479592 498303212592.354858
1.367347 1.479592 497541794042.388855
1.377551 1.479592 496782657869.903564
1.387755 1.479592 496025771526.469849
1.397959 1.479592 495271103504.666931
1.408163 1.479592 494518623298.568054
1.418367 1.479592 493768301365.941040
1.428571 1.479592 493020109092.079407
1.438776 1.479592 492274018755.183472
1.448980 1.479592 491530003493.215332
1.459184 1.479592 490788037272.155884
1.469388 1.479592 490048094855.596497
1.479592 1.479592 489310151775.600464
1.489796 1.479592 488574184304.775269
1.500000 1.479592 487840169429.495422
1.000000 1.489796 526545798963.475647
1.010204 1.489796 525669183713.514099
1.020408 1.489796 524797164225.717102
1.030612 1.489796 523929622313.746277
1.040816 1.489796 523066444631.645813
1.051020 1.489796 522207522437.035889
1.061224 1.489796 521352751367.895020
1.071429 1.489796 520502031232.032349
1.081633 1.489796 519655265808.414185
1.091837 1.489796 518812362659.577087
1.102041 1.489796 517973232954.410278
1.112245 1.489796 517137791300.648743
1.122449 1.489796 516305955586.461548
1.132653 1.489796 515477646830.564941
1.142857 1.489796 514652789040.331848
1.153061 1.489796 513831309077.406128
1.163265 1.489796 513013136530.363586
1.173469 1.489796 512198203593.991211
1.183673 1.489796 511386444954.793091
1.193878 1.489796 510577797682.347839
1.204082 1.489796 509772201126.176392
1.214286 1.489796 508969596817.796143
1.224490 1.489796 508169928377.661865
1.234694 1.489796 507373141426.713074
1.244898 1.489796 506579183502.263916
1.255102 1.489796 505788003977.991760
1.265306 1.489796 504999553987.793518
1.275510 1.489796 504213786353.295410
1.285714 1.489796 503430655514.814026
1.295918 1.489796 502650117465.579834
1.306122 1.489796 501872129689.046631
1.316327 1.489796 501096651099.119324
1.326531 1.489796 500323641983.144836
1.336735 1.489796 499553063947.519775
1.346939 1.489796 498784879865.775635
1.357143 1.489796 498019053829.013916
1.367347 1.489796 497255551098.567322
1.377551 1.489796 496494338060.773193
1.387755 1.489796 495735382183.751465
1.397959 1.489796 494978651976.085083
1.408163 1.489796 494224116947.305908
1.418367 1.489796 493471747570.098022
1.428571 1.489796 492721515244.130127
1.438776 1.489796 491973392261.440063
1.448980 1.489796 491227351773.291870
1.459184 1.489796 490483367758.435730
1.469388 1.489796 489741414992.703247
1.479592 1.489796 489001469019.872070
1.489796 1.489796 488263506123.741516
1.500000 1.489796 487527503301.359863
1.000000 1.500000 526340994386.729248
1.010204 1.500000 525462049175.461914
1.020408 1.500000 524587706423.630249
1.030612 1.500000 523717847968.297852
1.040816 1.500000 522852360487.216309
1.051020 1.500000 521991135261.950378
1.061224 1.500000 521134067954.597046
1.071429 1.500000 520281058397.199463
1.081633 1.500000 519432010393.019470
1.091837 1.500000 518586831528.899719
1.102041 1.500000 517745432998.001831
1.112245 1.500000 516907729432.255859
1.122449 1.500000 516073638743.909058
1.132653 1.500000 515243081975.603394
1.142857 1.500000 514415983158.452026
1.153061 1.500000 513592269177.622620
1.163265 1.500000 512771869644.969055
1.173469 1.500000 511954716778.286865
1.183673 1.500000 511140745286.793823
1.193878 1.500000 510329892262.466614
1.204082 1.500000 509522097076.887634
1.214286 1.500000 508717301283.282104
1.224490 1.500000 507915448523.441895
1.234694 1.500000 507116484439.257629
1.244898 1.500000 506320356588.595459
1.255102 1.500000 505527014365.272888
1.265306 1.500000 504736408922.904480
1.275510 1.500000 503948493102.400879
1.285714 1.500000 503163221362.921753
1.295918 1.500000 502380549716.091064
1.306122 1.500000 501600435663.299072
1.316327 1.500000 500822838135.924561
1.326531 1.500000 500047717438.320923
1.336735 1.500000 499275035193.417419
1.346939 1.500000 498504754290.802551
1.357143 1.500000 497736838837.154907
1.367347 1.500000 496971254108.901672
1.377551 1.500000 496207966506.990417
1.387755 1.500000 495446943513.665222
1.397959 1.500000 494688153651.146423
1.408163 1.500000 493931566442.115967
1.418367 1.500000 493177152371.919800
1.428571 1.500000 492424882852.402100
1.438776 1.500000 491674730187.288574
1.448980 1.500000 490926667539.045715
1.459184 1.500000 490180668897.142334
1.469388 1.500000 489436709047.645142
1.479592 1.500000 488694763544.086487
1.489796 1.500000 487954808679.541809
1.500000 1.500000 487216821459.859070
