1.000000 0.000188459031361
1.010000 0.000185652145773
1.020000 0.000182914389604
1.030000 0.000180243398007
1.040000 0.000177636909326
1.050000 0.000175092759641
1.060000 0.000172608877642
1.070000 0.000170183279824
1.080000 0.000167814065974
1.090000 0.000165499414926
1.100000 0.000163237580575
1.110000 0.000161026888124
1.120000 0.000158865730551
1.130000 0.000156752565280
1.140000 0.000154685911049
1.150000 0.000152664344950
1.160000 0.000150686499642
1.170000 0.000148751060717
1.180000 0.000146856764212
1.190000 0.000145002394261
1.200000 0.000143186780874
1.210000 0.000141408797836
1.220000 0.000139667360720
1.230000 0.000137961425000
1.240000 0.000136289984277
1.250000 0.000134652068583
1.260000 0.000133046742783
1.270000 0.000131473105057
1.280000 0.000129930285454
1.290000 0.000128417444533
1.300000 0.000126933772057
1.310000 0.000125478485761
1.320000 0.000124050830181
1.330000 0.000122650075537
1.340000 0.000121275516675
1.350000 0.000119926472054
1.360000 0.000118602282790
1.370000 0.000117302311737
1.380000 0.000116025942621
1.390000 0.000114772579204
1.400000 0.000113541644495
1.410000 0.000112332579998
1.420000 0.000111144844987
1.430000 0.000109977915823
1.440000 0.000108831285296
1.450000 0.000107704461999
1.460000 0.000106596969730
1.470000 0.000105508346921
1.480000 0.000104438146091
1.490000 0.000103385933323
